100 687
0 4 7
0 9 89
0 10 65
0 30 50
0 35 47
0 47 94
0 50 63
0 61 90
0 83 40
0 88 78
1 4 61
1 5 58
1 17 59
1 26 7
1 56 70
1 77 92
1 82 14
1 97 4
2 19 14
2 21 78
2 29 83
2 54 61
2 60 5
2 75 55
2 90 35
3 18 75
3 24 61
3 39 26
3 46 49
3 51 32
3 59 38
3 77 69
3 80 71
3 87 70
3 88 11
3 91 52
4 7 77
4 29 94
4 30 61
4 58 4
4 59 11
4 94 77
5 14 76
5 28 40
5 44 59
5 51 15
5 66 80
5 86 79
6 2 43
6 3 63
6 5 1
6 20 58
6 35 97
6 44 50
6 46 44
6 90 74
6 99 20
7 10 69
7 16 49
7 19 54
7 71 43
7 73 56
7 79 47
7 80 67
7 85 64
7 96 72
8 17 83
8 51 73
8 65 35
8 69 50
8 73 90
8 95 38
9 3 70
9 12 72
9 22 27
9 54 25
9 71 46
9 75 45
9 85 42
9 99 13
10 16 44
10 59 83
10 74 44
10 82 24
10 85 52
11 7 55
11 27 87
11 30 40
11 46 57
11 82 53
11 90 84
12 11 32
12 56 66
12 61 33
12 92 79
13 1 23
13 27 13
13 33 51
13 37 64
13 38 6
13 43 96
13 51 90
13 52 23
13 75 15
13 76 59
14 1 69
14 7 13
14 10 28
14 15 50
14 23 95
14 25 79
14 45 26
14 54 78
14 55 43
14 59 45
14 83 71
14 91 45
15 10 82
15 31 51
15 61 94
15 74 88
16 9 49
16 14 74
16 73 98
17 2 3
17 19 73
17 24 18
17 28 25
17 31 25
17 66 89
17 70 96
17 80 37
18 29 19
18 37 81
18 40 6
18 61 84
18 74 16
18 82 50
18 90 53
19 8 46
19 13 72
19 20 92
19 44 20
19 69 46
19 78 27
19 80 22
20 11 40
20 17 25
20 22 76
20 29 26
20 45 81
20 55 96
20 57 38
20 59 27
20 82 28
20 85 95
21 37 60
21 55 59
21 63 51
21 97 58
22 10 76
22 15 67
22 23 66
22 43 60
22 49 56
22 61 54
22 63 63
22 74 12
22 78 99
22 83 2
22 95 9
23 4 61
23 11 94
23 47 95
23 85 76
23 92 24
24 47 69
24 49 75
24 57 57
24 58 4
24 86 22
24 88 100
24 94 43
24 96 61
25 12 29
25 24 15
25 45 94
25 47 8
25 73 15
25 95 1
26 10 74
26 32 16
26 65 19
26 76 73
26 98 66
27 9 96
27 33 9
27 40 91
27 45 4
27 69 43
27 78 2
27 85 91
28 53 75
28 95 79
29 21 29
29 63 86
29 69 43
30 3 19
30 4 83
30 26 47
30 35 78
30 39 25
30 48 45
30 57 49
30 64 89
30 85 34
31 16 100
31 17 81
31 20 57
31 29 38
31 40 24
31 43 61
31 49 45
31 51 12
32 4 97
32 14 9
32 15 16
32 16 79
32 20 4
32 45 28
32 48 38
32 56 39
32 71 28
33 10 92
33 20 15
33 27 61
33 41 76
33 55 77
33 59 34
33 65 25
33 68 52
33 83 95
33 84 65
34 15 35
34 26 92
34 52 77
34 54 22
34 67 86
35 2 86
35 10 84
35 16 10
35 20 15
35 25 13
35 29 33
35 41 68
35 50 83
35 72 54
35 79 6
36 52 8
36 65 48
36 68 28
36 95 63
37 24 53
37 25 2
37 54 18
37 61 11
37 94 7
38 13 19
38 19 63
38 48 45
38 68 15
38 81 56
38 82 90
39 4 18
39 12 21
39 26 3
39 47 38
39 58 38
39 65 15
39 87 49
40 23 91
40 42 83
40 49 35
40 50 11
40 67 49
40 69 44
40 81 35
41 14 83
41 17 4
41 40 96
41 45 7
41 59 24
41 71 53
41 78 55
42 3 69
42 12 14
42 20 16
42 32 38
42 33 82
42 43 8
42 44 11
42 56 100
42 82 25
42 89 34
43 23 69
43 81 50
44 2 72
44 23 81
44 25 44
44 36 96
44 39 46
44 63 83
44 65 21
44 89 88
44 96 60
45 9 8
45 26 41
45 32 71
45 38 3
45 61 47
45 96 74
46 2 71
46 11 34
46 24 25
46 25 35
46 36 11
46 39 32
46 56 71
46 65 62
46 78 76
46 80 22
46 81 1
46 90 71
46 94 53
47 4 77
47 11 61
47 13 80
47 37 25
47 58 33
48 5 37
48 18 43
48 28 51
48 31 16
48 50 60
48 61 19
48 68 85
48 78 98
49 31 17
49 44 35
49 58 39
49 65 35
50 22 96
50 27 95
50 38 21
50 43 44
50 44 47
50 58 76
50 74 44
51 48 57
51 49 90
51 52 33
51 56 73
51 81 71
51 96 47
51 97 22
52 5 84
52 18 61
52 21 96
52 97 100
53 9 91
53 21 86
53 50 2
53 66 10
53 75 48
53 82 70
53 98 93
54 20 66
54 57 38
54 62 30
54 88 38
54 97 42
54 99 68
55 16 31
55 24 76
55 44 97
55 47 2
55 56 82
55 58 30
55 59 32
55 78 7
55 83 5
56 8 20
56 19 69
56 25 66
56 27 50
56 36 40
56 46 67
56 79 73
56 87 83
56 95 59
57 17 60
57 65 94
57 68 46
57 82 25
57 96 38
57 98 22
58 3 17
58 33 57
58 34 90
58 47 45
58 48 16
58 84 3
58 85 90
58 94 47
58 97 10
59 10 75
59 34 58
59 44 48
59 55 59
59 56 6
59 78 97
59 96 49
59 99 24
60 3 23
60 12 20
60 22 99
60 27 15
60 41 48
60 44 73
60 80 14
60 91 65
60 97 49
61 5 36
61 14 34
61 33 32
61 45 33
61 75 70
61 77 51
62 1 71
62 9 94
62 10 19
62 14 42
62 15 14
62 16 34
62 35 71
62 50 71
62 68 12
62 69 90
62 74 60
62 88 40
62 93 48
63 21 75
63 23 66
63 27 21
63 30 79
63 62 35
63 67 11
63 72 44
64 3 24
64 21 43
64 65 21
64 67 92
64 68 36
64 83 3
65 17 21
65 20 18
65 29 82
65 43 30
65 49 26
65 52 81
65 86 43
65 92 19
65 98 93
66 7 38
66 14 1
66 36 100
66 53 67
66 84 63
66 85 73
66 86 92
67 17 17
67 38 54
67 56 97
67 61 100
67 75 80
67 79 16
67 85 47
68 6 49
68 7 20
68 33 21
68 78 80
68 84 36
69 8 36
69 27 60
69 56 75
69 76 59
69 78 40
69 81 7
69 92 52
70 21 66
70 41 59
70 48 29
70 67 46
70 72 9
70 89 90
70 90 33
71 16 11
71 51 91
71 90 59
72 27 23
72 73 23
72 83 95
72 88 47
72 93 79
72 96 56
72 97 22
72 98 94
73 22 15
73 48 34
73 65 27
73 68 21
73 70 41
73 88 48
73 90 31
74 7 97
74 23 97
74 29 64
74 41 70
74 57 39
74 61 68
74 79 39
75 27 19
75 57 15
75 73 38
75 91 79
75 97 3
76 24 66
76 27 17
76 38 79
76 49 19
76 50 13
76 54 97
76 61 62
77 22 17
77 31 35
77 52 93
77 58 68
77 68 56
77 69 59
77 71 1
77 85 1
77 96 7
78 22 74
78 40 94
78 42 27
78 70 22
78 73 80
78 74 90
78 81 77
78 91 78
79 10 79
79 18 33
79 57 74
79 59 45
79 91 64
80 16 74
80 17 44
80 37 86
80 43 77
80 62 78
80 63 86
81 3 1
81 4 13
81 25 21
81 30 57
81 34 75
81 37 71
81 56 54
81 67 67
81 83 56
81 88 59
82 1 17
82 28 97
82 56 20
82 78 20
82 91 48
82 92 29
83 10 39
83 22 19
83 30 22
83 56 31
83 86 96
83 97 5
84 14 59
84 20 54
84 21 74
84 37 71
84 55 95
84 61 5
84 62 96
85 15 29
85 26 5
85 51 45
85 67 1
85 77 77
85 78 66
85 80 18
85 88 41
86 6 8
86 96 33
87 16 73
87 19 26
87 23 53
87 42 76
87 44 87
87 56 26
87 59 38
87 86 60
88 1 95
88 42 7
88 44 8
88 46 88
88 50 6
88 51 5
88 65 22
88 68 2
88 95 15
89 58 59
90 3 80
90 4 90
90 8 84
90 32 60
90 37 21
90 39 58
90 44 96
90 57 4
90 69 51
90 83 13
91 30 60
91 44 14
91 82 65
91 90 26
92 1 45
92 20 32
92 30 64
92 48 28
92 75 82
92 85 86
93 7 16
93 27 27
93 55 4
93 62 63
93 65 96
93 90 40
94 18 13
94 27 90
94 37 39
94 40 30
94 50 43
94 51 37
94 52 61
94 71 51
94 81 11
95 2 8
95 3 98
95 13 71
95 19 7
95 20 20
95 64 15
96 11 57
96 35 76
96 53 7
96 54 90
96 60 22
96 61 16
96 62 2
96 68 49
96 77 85
96 95 68
97 35 59
97 40 84
97 58 36
98 39 88
98 52 30
98 62 9
98 76 98
98 93 98
