100 688
0 34 53
0 44 55
0 51 74
0 59 43
0 63 62
0 67 63
1 7 100
1 14 92
1 18 74
1 19 88
1 25 26
1 83 15
1 88 42
1 93 95
1 99 77
2 7 15
2 11 13
2 18 50
2 25 46
2 42 3
2 46 28
2 60 48
2 69 89
2 71 25
2 72 98
2 93 81
2 98 51
2 99 32
3 18 27
3 37 16
3 53 61
3 54 90
4 6 61
4 14 65
4 22 23
4 41 6
4 50 81
4 54 35
4 61 41
4 85 78
5 3 74
5 18 72
5 23 79
5 34 62
5 37 85
5 43 54
5 47 81
5 52 68
5 82 53
5 98 21
5 99 90
6 33 18
6 37 31
6 58 8
6 75 52
6 84 47
7 41 92
7 56 86
7 81 81
7 86 80
7 87 79
7 88 99
7 96 70
8 12 39
8 23 86
8 28 60
8 56 92
8 57 27
8 63 27
8 79 44
8 83 83
8 93 63
9 15 26
9 18 100
9 21 13
9 40 52
9 63 23
9 83 62
9 90 54
10 5 13
10 29 1
10 32 17
10 57 3
10 80 1
10 88 35
11 10 80
11 16 91
11 32 59
11 50 81
11 95 14
12 25 85
12 26 21
12 28 62
12 49 65
12 61 56
12 71 42
12 84 25
12 92 42
12 96 7
13 6 46
13 29 69
13 30 63
13 61 39
14 36 71
14 42 35
14 44 25
14 67 44
14 69 28
14 89 30
14 91 27
15 8 15
15 23 94
15 44 31
15 66 52
15 67 57
15 90 64
16 15 30
16 26 84
16 49 38
16 60 66
16 62 51
16 83 62
16 88 83
16 97 40
17 28 11
17 32 2
17 37 43
17 44 26
17 61 82
17 75 67
17 95 97
18 13 27
18 16 68
18 28 42
18 31 55
18 55 28
18 57 42
18 73 83
18 75 30
18 92 10
19 7 32
19 29 64
19 53 89
19 81 84
19 84 90
20 12 67
20 22 46
20 69 10
20 77 63
21 31 36
21 55 39
21 56 56
21 58 22
21 73 42
21 79 23
21 83 62
21 84 69
21 92 83
21 98 92
21 99 33
22 24 13
22 64 6
22 74 64
22 86 30
23 8 63
23 19 72
23 49 45
23 61 57
23 85 85
23 88 61
24 3 28
24 8 29
24 17 84
24 37 46
24 44 6
24 50 41
24 79 66
24 83 55
25 6 39
25 13 87
25 15 68
25 43 64
25 45 81
25 59 76
25 65 56
25 89 52
25 90 5
25 95 25
26 1 86
26 11 100
26 18 9
26 31 53
26 57 55
26 61 51
26 93 51
27 5 20
27 17 31
27 49 26
27 69 86
27 83 54
27 86 85
27 90 29
27 99 75
28 8 18
28 23 38
28 44 47
28 52 11
28 57 39
28 63 15
28 66 50
29 9 80
29 31 38
29 49 24
29 74 96
30 20 91
30 57 18
30 59 18
30 63 68
30 98 75
31 4 89
31 14 11
31 38 45
31 42 12
31 64 36
31 87 63
32 16 51
32 28 39
32 29 83
32 37 64
32 53 42
32 71 55
32 90 18
32 96 98
33 12 77
33 17 48
33 40 63
33 62 52
33 89 14
34 11 54
34 24 33
34 30 14
34 37 90
34 41 14
34 51 52
34 70 51
35 1 74
35 5 69
35 18 8
35 32 29
35 83 9
35 86 87
35 92 48
35 94 75
36 7 29
36 13 90
36 16 6
36 86 25
37 3 80
37 22 81
37 46 58
37 60 44
37 72 32
37 76 11
37 81 3
37 83 46
38 12 19
38 44 73
38 54 36
38 56 10
38 60 62
38 69 45
38 93 88
38 95 73
39 11 51
39 14 76
39 38 45
39 53 45
39 81 11
39 82 67
39 91 68
40 11 61
40 23 87
40 33 21
40 57 20
40 59 95
40 73 99
40 86 33
40 95 20
40 98 85
41 62 94
42 28 5
42 30 5
42 32 38
42 47 39
42 66 19
42 68 7
43 23 10
43 70 71
44 18 36
44 37 49
44 38 67
44 43 98
44 45 19
44 78 95
44 93 17
45 2 98
45 23 32
45 42 37
45 56 85
45 84 43
45 98 5
46 10 76
46 31 19
46 33 59
46 43 11
46 52 9
46 74 70
46 90 94
46 98 17
47 46 99
47 73 17
47 84 33
48 1 43
48 23 27
48 36 54
48 38 80
48 39 28
48 50 74
48 52 26
48 70 73
48 82 8
48 84 63
48 89 17
49 1 55
49 20 12
49 54 25
49 70 46
49 80 48
49 87 39
50 20 53
50 54 83
50 56 54
50 98 21
51 2 53
51 12 34
51 15 9
51 20 67
51 40 57
51 52 19
51 65 100
51 83 10
51 88 36
51 93 7
52 7 28
52 25 96
52 27 23
52 33 80
52 48 33
52 62 98
52 71 57
52 95 66
53 4 14
53 20 85
53 25 95
53 43 61
53 45 44
53 49 22
53 82 15
54 8 48
54 18 89
54 19 25
54 40 98
54 48 71
54 84 30
55 1 23
55 18 72
55 30 51
55 37 82
55 45 71
55 52 82
55 58 64
55 75 52
55 89 21
55 97 67
55 98 79
56 2 57
56 10 27
56 38 65
56 44 45
56 49 22
56 58 10
56 61 21
56 94 21
57 24 87
57 58 22
57 77 96
57 79 33
57 94 51
58 9 46
58 25 65
58 26 30
58 31 13
58 36 28
58 42 61
58 60 74
58 72 84
59 10 76
59 47 90
59 50 65
59 78 57
59 81 74
59 86 15
59 87 58
59 99 64
60 21 36
60 22 77
60 27 19
60 41 46
61 22 11
61 27 61
61 28 12
61 43 24
61 65 42
61 69 85
61 80 21
61 82 21
61 87 64
61 95 80
62 15 48
62 26 100
62 35 60
62 76 19
63 94 16
63 99 63
64 16 28
64 74 98
64 99 3
65 31 79
65 32 39
65 42 61
65 55 63
65 56 16
65 66 34
65 75 67
65 78 97
65 83 5
66 5 37
66 15 96
66 74 68
66 81 54
66 87 37
67 5 44
67 12 94
67 16 64
67 25 70
67 32 87
67 56 28
67 58 9
67 85 80
68 4 63
68 20 90
68 35 24
68 49 90
68 70 91
68 93 60
68 97 1
69 8 1
69 12 64
69 24 95
69 34 12
69 43 36
69 52 28
69 55 29
69 59 7
69 67 6
69 92 8
70 13 26
70 25 21
70 38 56
70 39 22
70 42 76
70 86 93
70 90 83
70 98 51
71 46 57
71 86 21
71 94 83
72 6 21
72 48 12
72 64 69
73 8 5
73 20 27
73 43 85
73 54 77
73 66 81
74 15 17
74 27 65
74 40 46
74 51 77
74 61 75
74 62 18
74 63 73
74 83 53
75 30 23
75 33 16
75 35 12
75 50 92
75 54 2
75 82 49
75 83 100
76 3 89
76 5 24
76 6 50
76 8 3
76 34 56
76 35 40
76 51 23
76 52 45
76 55 48
76 84 76
76 88 31
76 98 65
77 34 9
77 47 22
77 78 91
77 89 58
78 10 78
78 12 51
78 19 19
78 31 64
78 63 33
78 86 7
79 18 12
79 22 10
79 28 81
79 31 19
79 41 40
79 61 7
79 64 84
79 65 70
79 77 7
79 80 2
79 84 60
79 93 69
80 6 9
80 13 25
80 37 10
80 63 25
80 69 60
80 71 67
81 6 100
81 78 31
81 89 98
81 99 83
82 28 10
82 33 60
82 35 52
82 64 51
82 68 5
82 78 96
83 12 53
83 21 69
83 40 9
83 45 12
83 55 29
83 63 88
83 93 45
83 96 48
84 24 93
84 27 7
84 46 4
84 49 79
84 73 70
84 75 11
84 82 88
84 95 54
85 13 52
85 24 15
85 25 84
85 45 61
85 55 58
85 63 6
85 89 76
85 97 92
86 11 87
86 32 25
86 43 100
86 51 83
86 90 56
86 91 34
87 5 31
87 6 66
87 15 98
87 26 94
87 32 14
87 33 83
87 34 85
87 52 34
87 76 86
88 16 83
88 18 14
88 19 45
88 44 29
88 54 97
88 70 75
88 83 33
88 84 57
89 4 42
89 21 17
89 69 42
89 78 60
89 79 54
89 86 2
89 93 95
90 4 55
90 5 47
90 7 14
90 13 95
90 14 69
90 19 11
90 26 22
90 28 90
90 39 63
90 99 71
91 10 82
91 15 33
91 30 12
91 32 17
91 48 14
91 71 84
91 72 7
91 80 73
92 4 93
92 12 32
92 20 83
92 25 86
92 35 89
92 48 88
92 62 35
92 84 59
92 85 94
92 99 34
93 9 89
93 25 21
93 74 57
93 77 73
94 4 53
94 13 87
94 51 17
94 52 65
94 70 44
94 96 97
95 5 32
95 21 68
95 27 80
95 28 62
95 35 73
95 54 7
95 64 46
95 69 3
95 83 71
95 92 42
96 8 34
96 29 79
96 33 29
96 35 23
96 74 32
97 10 79
97 15 35
97 18 22
97 24 76
97 64 33
97 74 5
97 77 81
97 78 60
97 80 39
97 86 31
97 87 59
97 99 98
98 20 48
98 28 69
98 39 92
98 42 42
98 49 43
98 62 68
98 63 75
98 71 84
98 85 13
