100 688
0 5 12
0 35 93
1 2 32
1 3 28
1 12 17
1 30 1
1 57 23
1 75 76
2 9 74
2 22 100
2 33 16
2 40 13
2 43 18
2 46 60
2 71 41
2 88 83
3 6 40
3 33 86
3 36 76
3 39 13
3 41 35
3 43 10
3 48 73
3 63 63
3 90 21
4 15 58
4 29 50
4 32 15
4 47 83
4 50 58
4 58 6
4 95 75
5 14 32
5 36 76
5 41 72
5 46 50
5 47 28
5 65 42
5 80 98
5 92 59
5 94 83
6 3 14
6 4 91
6 30 5
6 50 68
6 57 57
6 58 29
6 64 12
6 65 77
6 68 59
6 69 21
6 76 89
6 80 50
6 82 77
6 83 88
6 88 77
6 99 12
7 3 45
7 11 85
7 14 5
7 68 2
8 2 4
8 6 89
8 18 32
8 28 8
8 44 26
8 52 84
8 73 42
8 76 75
8 79 49
8 88 9
8 92 88
9 37 9
9 51 76
9 77 62
9 85 38
10 22 75
10 70 29
10 72 13
10 95 7
11 8 2
11 16 3
11 19 20
11 46 12
11 78 12
11 85 93
11 86 49
11 93 21
12 19 27
12 40 89
12 48 76
12 50 93
12 66 42
12 80 25
12 81 17
12 86 48
12 91 32
12 98 98
13 17 48
13 18 45
13 40 44
13 53 48
13 68 60
13 73 45
13 79 67
13 85 1
13 92 66
13 97 86
14 17 16
14 29 93
14 33 38
14 48 46
14 86 93
15 39 25
15 69 77
15 70 23
15 84 56
15 87 34
15 98 89
16 22 12
16 38 75
16 46 64
16 52 54
16 79 59
16 85 4
16 87 46
17 1 83
17 4 37
17 18 47
17 24 97
17 41 49
17 44 47
17 47 20
17 56 59
17 57 43
17 63 80
18 13 48
18 33 16
18 36 74
18 52 44
19 4 73
19 21 43
19 33 33
19 42 84
19 62 53
19 89 52
20 1 83
20 7 91
20 8 55
20 22 41
20 31 42
20 33 11
20 39 73
20 47 75
20 52 24
20 61 19
20 93 54
20 95 70
21 5 28
21 28 90
21 30 31
21 36 87
21 48 54
22 17 51
22 19 49
22 20 74
22 23 44
22 43 8
22 45 95
22 53 98
22 63 30
22 65 37
22 85 27
23 16 9
23 40 71
23 53 99
23 86 2
23 87 89
23 89 56
23 95 75
24 6 80
24 14 63
24 15 28
24 17 40
24 50 43
24 52 1
24 61 32
24 66 30
24 83 24
24 85 77
25 99 83
26 16 35
26 30 45
26 54 31
26 58 66
26 73 91
26 84 70
26 97 28
27 28 37
27 31 71
27 43 96
27 76 38
28 10 70
28 47 76
28 60 72
28 73 75
28 92 60
29 1 16
29 9 85
29 41 99
29 55 38
29 74 69
29 76 4
30 3 81
30 22 24
30 24 45
30 28 40
30 35 45
30 47 45
30 48 44
30 58 90
30 69 81
30 90 8
31 26 18
31 27 78
31 40 69
31 52 53
31 60 82
31 77 66
31 83 30
32 21 88
32 28 87
32 35 50
32 62 84
32 98 11
33 4 90
33 19 41
33 41 94
33 43 42
33 79 34
33 91 77
33 94 9
33 97 80
34 6 47
34 16 63
34 46 81
34 52 100
34 70 31
34 84 29
34 86 25
34 93 97
35 13 54
35 15 63
35 26 87
35 31 77
35 43 13
35 60 5
35 72 25
35 74 34
35 83 100
36 24 94
36 25 3
36 26 99
36 47 12
36 54 89
36 92 17
37 8 85
37 19 75
37 43 12
38 6 10
38 11 17
38 30 33
38 42 45
38 43 42
38 90 44
38 99 48
39 80 20
39 97 99
40 47 45
41 18 78
41 21 53
41 25 16
41 30 16
41 40 48
41 42 89
41 45 51
41 46 1
41 60 15
42 6 18
42 25 92
42 34 55
42 36 35
42 50 23
42 78 73
42 86 97
43 11 4
43 19 28
43 33 71
43 39 56
43 41 5
43 42 67
43 48 8
43 50 58
43 67 23
43 76 17
43 77 35
44 43 86
44 48 95
44 57 19
44 67 39
44 79 95
44 85 83
44 87 20
44 92 35
45 10 76
45 40 11
45 60 91
45 81 46
45 82 4
46 5 20
46 12 19
46 13 26
46 16 65
46 27 14
46 29 32
46 39 23
46 51 48
46 56 20
46 64 63
46 71 93
46 73 3
46 80 13
47 11 23
47 43 62
47 58 100
47 63 35
47 66 92
47 97 61
48 9 49
48 18 44
48 59 48
48 60 93
48 70 22
48 88 85
48 94 28
48 96 26
48 98 21
49 30 8
49 48 64
49 60 9
49 67 56
49 78 34
49 94 41
50 9 59
50 19 75
50 38 99
50 48 64
50 53 7
50 67 21
50 72 85
50 84 19
51 25 57
51 33 82
51 35 8
51 88 41
51 99 47
52 4 94
52 33 20
52 47 40
52 51 77
52 59 78
52 69 76
52 94 25
53 15 5
53 27 87
53 30 70
53 50 81
53 51 87
53 60 56
53 70 75
53 82 55
53 94 80
54 2 33
54 25 77
54 39 40
54 53 34
54 58 98
54 91 32
54 92 41
55 13 82
55 19 8
55 20 84
55 37 59
55 62 85
55 66 4
55 96 45
56 5 78
56 16 78
56 22 18
56 23 1
56 28 100
56 53 24
56 55 38
56 78 75
57 1 72
57 11 49
57 14 74
57 40 3
57 49 55
57 70 65
57 85 61
57 91 91
58 2 61
58 44 40
58 48 41
58 96 54
59 13 69
59 23 55
59 28 24
59 35 98
59 45 46
59 48 45
59 76 14
59 98 16
60 7 3
60 8 96
60 12 90
60 38 71
60 57 82
60 62 49
60 96 49
61 9 26
61 18 42
61 24 22
61 26 48
61 36 25
61 92 58
62 3 66
62 36 3
62 40 70
62 48 78
62 53 8
62 66 91
62 67 95
62 72 56
62 79 29
63 12 18
63 17 86
63 30 14
63 35 21
63 52 40
63 53 30
63 59 47
63 77 55
63 81 66
63 92 35
64 16 48
64 21 58
64 23 81
64 58 14
64 63 40
64 69 2
64 96 79
65 7 96
65 13 53
65 23 6
65 27 21
65 33 6
65 64 87
65 67 55
65 74 86
65 79 7
66 3 73
66 6 98
66 38 85
66 39 63
66 90 39
66 99 10
67 4 17
67 34 14
67 55 72
67 60 36
67 64 82
67 75 46
68 11 56
68 48 48
68 93 50
69 1 92
69 14 78
69 24 15
69 27 10
69 40 90
69 46 53
69 61 66
69 62 90
69 87 93
70 20 84
70 57 84
70 59 94
70 62 82
70 94 11
70 98 51
71 18 17
71 45 53
71 48 51
71 57 99
71 60 47
71 61 6
71 88 40
71 98 6
72 8 43
72 15 18
72 16 38
72 23 97
72 32 86
72 73 90
72 79 64
72 80 52
73 1 1
73 32 96
73 48 13
73 56 60
73 59 49
73 88 9
74 1 18
74 9 11
74 75 34
74 77 9
74 78 68
74 93 72
75 9 88
75 15 32
75 16 77
75 22 13
75 28 84
75 36 52
75 42 10
75 72 11
75 80 38
75 90 61
76 54 25
76 55 27
76 57 53
76 64 31
76 86 65
76 93 11
77 40 93
77 42 50
77 48 60
77 62 69
77 65 39
78 1 90
78 17 66
78 37 78
78 51 53
78 53 85
78 60 78
78 66 83
78 70 67
78 82 71
79 7 16
79 35 81
79 42 69
79 47 20
79 84 69
79 86 63
79 92 11
80 17 80
80 33 24
80 55 3
80 58 94
80 66 5
80 82 60
80 84 22
80 88 24
81 4 78
81 10 67
81 28 30
81 34 89
81 40 63
81 43 56
81 48 69
81 74 32
81 96 92
82 9 97
82 28 6
82 31 56
82 41 20
82 48 55
82 59 58
82 67 21
82 92 67
83 31 2
83 65 79
83 87 63
84 23 6
84 60 13
84 96 91
84 97 23
85 22 79
85 28 2
85 38 78
85 59 51
85 87 61
85 90 91
85 96 98
86 35 62
86 50 54
86 51 51
86 59 20
87 9 69
87 10 98
87 49 52
87 59 9
87 70 71
87 86 44
87 89 2
88 75 22
88 77 49
88 85 94
88 97 38
89 5 32
89 21 61
89 30 35
89 37 63
89 43 29
89 96 3
89 98 94
90 26 24
90 28 27
90 52 97
90 84 19
90 86 77
90 87 28
91 3 62
91 4 97
91 25 86
91 29 40
91 41 93
91 45 35
91 76 30
91 78 22
91 84 56
91 97 23
92 50 30
92 55 90
92 61 13
92 87 44
92 94 67
93 22 57
93 27 24
93 31 33
93 50 76
93 61 80
94 7 33
94 21 37
94 40 78
94 41 6
94 50 34
94 53 13
95 2 81
95 17 96
95 27 81
95 38 82
95 39 69
95 46 32
95 50 23
95 69 98
95 87 54
95 96 34
96 9 47
96 16 70
96 42 91
96 52 67
96 54 68
96 63 2
96 75 10
96 99 62
97 36 4
97 37 55
97 51 44
97 88 52
98 8 39
98 23 75
98 48 63
98 58 53
98 70 39
98 95 76
