100 685
0 11 57
0 28 28
0 39 10
0 74 68
0 84 5
0 96 62
0 98 75
1 12 45
1 14 66
1 22 24
1 36 99
1 53 18
1 57 50
1 59 69
1 63 7
1 75 53
1 76 18
1 97 64
2 51 67
2 74 50
2 78 43
2 80 52
2 84 32
3 13 98
3 58 40
3 63 73
3 90 33
4 16 54
4 31 92
4 53 27
4 57 70
4 78 100
4 86 24
4 96 21
5 21 8
5 24 55
5 29 24
5 42 59
5 60 80
5 66 66
5 78 78
5 86 39
5 88 72
5 90 91
5 96 42
6 31 20
6 33 75
6 37 64
6 93 78
6 96 15
7 15 60
7 46 13
7 60 4
7 61 100
7 83 63
7 91 79
8 20 74
8 23 73
8 39 74
8 42 51
8 63 42
8 88 15
9 2 27
9 20 100
9 26 22
9 42 62
9 53 91
9 66 45
9 79 48
9 81 46
9 83 94
9 84 28
10 2 10
10 9 13
10 13 47
10 48 12
10 56 89
10 62 54
10 63 91
10 68 3
10 96 70
11 2 63
11 6 2
11 27 19
11 30 79
11 35 52
11 59 28
11 72 6
11 84 81
12 15 78
12 40 3
12 57 12
12 62 71
12 75 76
12 77 46
12 82 56
12 85 8
13 20 71
13 51 30
13 67 85
13 74 23
13 82 80
13 90 78
14 30 85
14 51 69
15 7 40
15 42 43
15 55 72
15 91 59
15 99 74
16 3 19
16 9 70
16 28 59
16 34 99
16 36 8
16 39 22
16 48 66
16 61 72
16 68 86
16 86 26
16 87 36
16 96 4
16 99 97
17 6 24
17 31 59
17 45 60
17 50 59
17 52 67
17 69 84
17 76 68
17 77 68
18 4 46
18 14 48
18 21 30
18 45 80
18 62 38
18 63 98
18 71 72
18 73 77
19 15 96
19 20 16
19 25 29
19 35 42
19 75 37
19 77 30
19 83 6
19 94 75
20 14 92
20 45 45
20 51 79
20 53 22
20 54 39
20 63 89
20 73 70
20 76 51
21 29 36
21 34 90
21 37 78
21 44 39
21 69 91
21 87 16
22 8 21
22 25 70
22 28 28
22 43 9
22 51 75
23 42 62
23 44 96
23 61 87
24 45 50
24 87 37
25 14 70
25 22 18
25 23 93
25 39 12
25 43 30
25 61 37
25 66 87
25 79 7
26 16 79
26 18 88
26 34 8
26 39 63
26 81 92
26 89 91
26 94 29
27 63 84
27 71 37
27 82 3
28 36 80
28 47 25
28 49 3
28 52 6
28 71 94
29 46 85
29 49 48
29 51 2
29 52 100
29 58 94
29 94 41
30 5 7
30 11 59
30 21 55
30 28 87
30 44 41
30 67 99
30 73 47
30 74 80
30 85 68
30 94 61
31 8 69
31 17 33
31 24 96
31 41 96
31 48 61
31 51 21
31 59 76
31 78 61
31 84 86
31 89 47
31 91 60
31 94 83
31 95 54
32 5 52
32 14 99
32 22 95
32 34 60
32 53 63
32 58 31
32 67 45
32 71 26
32 90 27
32 95 35
33 5 21
33 16 62
33 31 33
33 47 93
33 52 59
33 54 63
34 9 24
34 35 78
34 49 75
34 57 9
34 60 22
34 63 1
34 65 10
34 69 64
34 76 9
34 80 72
34 97 23
35 70 30
35 71 56
35 95 39
36 1 35
36 4 94
36 13 92
36 27 45
36 32 34
36 40 64
36 57 89
37 15 4
37 27 46
37 38 81
37 39 6
37 46 5
37 56 87
37 60 68
37 61 50
37 72 45
37 74 29
37 81 90
37 86 98
37 92 1
38 2 60
38 9 3
38 13 67
38 37 77
38 65 48
38 73 96
38 84 28
39 9 27
39 21 73
39 27 41
39 42 12
39 87 67
39 91 27
39 97 47
40 7 56
40 66 33
40 74 54
41 2 24
41 14 49
41 38 26
41 65 11
41 98 77
42 6 45
42 21 12
42 40 3
42 41 51
42 46 35
42 65 61
42 69 87
42 80 33
43 7 86
43 21 48
43 53 66
43 90 41
43 92 91
44 18 98
44 22 46
44 60 54
44 80 19
45 27 37
45 46 52
45 61 87
45 65 21
46 6 24
46 45 74
46 47 58
46 50 8
46 68 74
47 16 1
47 40 35
47 71 21
48 15 87
48 24 93
49 2 51
49 17 83
49 56 85
49 76 6
49 84 9
49 92 8
50 8 65
50 25 61
50 40 98
50 66 8
50 77 63
50 79 76
50 85 96
50 86 53
51 2 3
51 8 22
51 24 10
51 53 72
51 94 90
52 3 27
52 5 49
52 11 16
52 23 64
52 27 17
52 60 35
52 70 5
52 95 59
52 98 56
53 4 42
53 15 4
53 33 76
53 40 5
53 41 72
53 42 49
53 51 98
53 90 59
53 98 18
54 3 6
54 14 61
54 19 90
54 26 73
54 31 78
54 36 36
54 37 93
54 49 80
54 63 1
54 69 58
54 72 48
54 78 61
54 82 3
54 94 8
55 37 18
55 53 94
55 54 54
55 87 35
55 93 32
55 99 8
56 42 11
56 51 5
56 58 84
57 7 8
57 18 5
57 24 37
57 28 100
57 30 43
57 31 99
57 32 91
57 35 14
57 51 18
57 62 37
57 68 8
57 89 2
58 7 20
58 26 35
58 31 32
58 33 6
58 43 100
58 60 51
58 66 78
58 73 2
59 26 75
59 37 30
59 45 64
59 52 44
59 56 72
59 60 51
59 88 57
59 92 46
59 97 5
59 98 27
60 1 10
60 6 36
60 16 78
60 21 85
60 25 93
60 45 80
60 54 76
60 83 52
60 89 66
60 90 65
61 8 29
61 12 43
61 58 13
61 63 75
61 82 53
62 2 15
62 3 70
62 11 88
62 65 2
62 66 45
62 69 25
62 82 65
63 8 68
63 21 47
63 30 58
63 37 99
63 38 34
63 64 99
63 65 68
63 74 88
63 78 79
63 80 19
64 7 62
64 42 19
64 43 70
64 49 51
64 59 67
65 7 58
65 9 63
65 26 40
65 30 68
65 70 86
65 74 92
65 95 49
65 96 49
65 97 90
65 99 69
66 13 64
66 44 26
66 53 92
66 54 65
66 55 46
66 74 29
66 81 60
66 86 7
66 90 60
66 98 52
67 65 68
67 89 76
67 90 49
67 91 57
67 93 99
67 99 25
68 7 27
68 48 18
68 60 40
68 64 8
68 66 67
68 71 13
68 87 5
68 91 28
69 12 3
69 13 96
69 31 82
69 86 29
70 9 94
70 22 92
70 27 57
70 66 92
70 81 88
70 85 44
70 93 29
71 43 10
71 51 56
71 73 64
71 85 67
72 41 3
72 45 4
72 57 29
72 80 24
72 84 79
72 90 71
73 11 36
73 57 10
73 78 41
73 80 60
73 96 64
73 98 59
74 14 16
74 33 98
74 71 33
74 72 49
74 90 16
74 98 40
75 2 4
75 8 48
75 11 72
75 20 6
75 24 25
75 29 2
75 41 32
75 46 4
75 56 62
75 61 59
75 85 82
75 93 2
76 7 9
76 10 70
76 14 79
76 15 39
76 23 38
76 26 50
76 68 1
76 80 48
76 97 23
77 33 10
77 52 23
77 68 15
77 91 67
77 96 12
78 40 81
78 67 31
78 77 76
78 85 29
79 20 51
79 22 51
79 32 76
79 44 94
79 73 63
79 98 11
80 21 15
80 26 49
80 27 95
80 34 72
80 88 49
81 14 87
81 30 67
81 34 97
81 49 71
81 67 83
81 88 27
81 94 53
82 8 26
82 14 46
82 22 50
82 34 6
82 53 56
82 75 14
82 89 64
82 91 65
82 94 47
82 95 48
82 96 67
82 97 18
83 13 58
83 14 6
83 30 69
83 51 75
83 55 28
83 56 58
83 57 12
83 58 24
84 17 13
84 21 18
84 22 60
84 27 39
84 31 29
84 36 42
84 45 25
84 72 87
85 16 67
85 29 12
85 42 39
85 78 11
85 80 26
85 89 37
85 94 32
85 95 72
86 2 88
86 39 34
86 54 30
86 77 5
87 12 96
87 22 5
87 43 14
87 44 72
87 63 89
87 66 8
87 73 57
87 97 59
88 56 78
88 68 62
88 69 75
88 71 71
88 75 6
89 1 91
89 18 74
89 28 50
89 29 16
89 41 81
89 57 91
89 61 94
89 87 89
89 97 80
90 19 23
90 24 47
90 34 19
90 64 38
91 25 55
91 39 51
91 56 56
91 66 70
92 52 60
92 75 90
92 79 91
92 80 16
92 86 82
92 88 50
92 97 47
93 15 14
93 67 94
93 79 76
93 87 87
94 16 50
94 17 44
94 39 98
94 46 92
94 51 8
94 70 94
94 75 80
94 83 31
95 3 15
95 35 61
95 41 75
95 45 48
95 77 18
95 84 75
95 85 77
95 88 93
96 19 96
96 26 25
96 28 37
96 31 50
96 95 62
97 12 51
97 28 58
97 29 71
97 43 78
97 56 30
97 58 75
97 78 75
98 6 46
98 26 79
98 29 49
98 41 52
98 50 7
98 54 60
98 65 91
98 83 57
