100 692
0 3 77
0 8 75
0 11 4
0 20 58
0 22 5
0 27 22
0 67 34
0 75 1
0 82 14
1 13 94
1 50 70
1 55 48
1 57 18
1 61 33
2 1 97
2 16 13
2 36 50
2 38 85
2 45 93
2 70 31
2 85 67
2 86 53
3 16 54
3 20 89
3 24 22
3 38 68
3 44 77
3 58 57
3 78 92
3 80 5
3 84 36
3 91 84
3 97 35
4 6 83
4 9 75
4 11 33
4 23 16
4 30 1
4 43 5
5 23 36
5 29 21
5 36 24
5 86 86
5 95 66
6 18 23
6 30 12
6 73 93
6 92 33
6 93 26
7 13 84
7 25 55
7 54 29
7 58 95
7 70 69
7 80 73
7 99 64
8 3 42
8 5 19
8 17 21
8 23 36
8 27 26
8 59 36
8 67 92
8 71 17
8 83 11
9 3 98
9 11 32
9 18 66
9 26 4
9 30 38
9 53 37
9 60 43
9 62 46
9 69 95
9 86 39
10 19 52
10 47 35
10 57 87
10 60 77
10 72 31
10 86 80
11 27 40
11 32 64
11 90 22
11 93 58
12 1 29
12 6 73
12 21 36
12 48 95
12 69 14
12 74 64
12 78 78
12 86 72
13 1 48
13 23 9
13 24 40
13 63 20
13 67 10
13 69 62
13 96 90
14 7 66
14 22 99
14 23 6
14 24 76
14 30 16
14 81 60
14 84 36
14 88 7
15 8 40
15 9 70
15 25 43
15 36 17
15 40 8
15 45 38
15 47 87
15 52 24
15 69 94
15 86 17
15 98 23
16 4 90
16 7 55
16 8 25
16 9 23
16 17 37
16 25 59
16 46 74
16 47 92
16 61 5
16 76 26
16 80 89
17 14 76
17 31 50
17 58 25
17 60 100
17 67 10
17 83 25
17 90 76
18 6 79
18 10 48
18 11 76
18 28 42
18 30 95
18 89 3
19 20 86
19 36 34
19 41 61
19 57 4
19 59 76
19 68 49
19 84 29
19 85 33
19 88 29
19 95 59
20 2 5
20 17 7
20 25 1
20 49 44
20 62 48
20 77 36
20 95 60
20 97 79
21 18 26
21 35 22
21 42 77
21 82 81
21 91 65
22 4 43
22 13 37
22 18 82
22 37 68
22 64 96
22 74 37
22 77 52
22 80 66
22 82 90
22 83 14
22 86 95
23 13 96
23 14 96
23 17 85
23 31 40
23 38 95
23 42 93
23 47 81
23 53 97
23 55 64
23 58 93
23 60 74
23 66 45
23 69 47
23 78 8
23 84 83
23 93 73
24 1 88
24 21 62
24 41 86
24 43 41
24 44 93
24 53 31
24 60 71
24 77 61
24 91 30
24 92 35
25 7 73
25 24 12
25 38 89
25 43 74
25 50 53
25 70 27
25 80 95
26 2 34
26 8 27
26 32 62
26 46 28
26 63 52
26 68 72
26 85 24
26 94 89
26 97 44
27 9 17
27 18 79
27 32 39
27 89 33
27 93 27
27 94 45
28 6 52
28 12 62
28 49 27
28 51 25
28 52 77
28 55 46
28 62 36
28 71 51
28 90 62
29 28 19
29 64 57
29 97 66
30 8 62
30 31 9
30 46 76
30 69 2
30 84 63
31 11 73
31 13 43
31 16 53
31 40 64
31 44 24
31 93 18
32 2 85
32 22 62
32 58 25
32 61 47
32 71 76
32 76 8
32 94 34
33 1 44
33 9 29
33 13 92
33 16 89
33 25 2
33 39 42
33 41 34
33 48 69
33 92 94
33 99 51
34 43 49
34 44 98
34 68 63
34 95 48
35 61 34
36 11 46
36 17 8
36 20 90
36 21 55
36 23 28
36 28 92
36 44 51
36 46 69
36 60 58
36 65 78
36 75 18
36 88 65
36 92 5
37 4 65
37 7 93
37 26 57
37 46 2
38 20 6
38 23 37
38 32 16
38 62 88
38 66 63
38 84 20
38 91 33
39 3 80
39 7 31
39 34 57
39 35 15
39 40 59
39 45 58
39 51 30
39 78 49
39 86 56
40 16 43
40 24 39
40 28 12
40 51 72
40 67 10
40 80 65
40 89 2
40 95 19
41 13 18
41 14 7
41 16 4
41 27 44
41 51 30
41 56 6
41 87 80
41 91 92
42 3 60
42 9 91
42 29 41
42 43 100
42 53 83
42 62 86
42 74 41
42 88 68
43 5 18
43 6 76
43 14 99
43 36 14
44 17 23
44 41 9
44 73 53
44 79 19
44 89 80
44 91 24
45 9 82
45 15 7
45 21 5
45 26 63
45 46 42
45 47 60
45 51 65
45 62 59
45 66 36
45 69 58
45 73 5
45 97 68
45 99 14
46 9 87
46 30 1
46 31 19
47 17 11
47 23 59
47 32 7
47 33 68
47 45 60
47 53 21
47 55 21
47 81 12
47 85 92
47 86 78
48 6 73
48 84 98
49 18 2
49 21 69
49 22 33
49 25 27
49 42 95
49 61 46
50 2 87
50 7 48
50 23 100
50 27 100
50 38 43
50 39 40
50 65 90
50 83 6
50 84 97
51 45 94
51 63 88
51 84 34
51 98 15
52 26 6
52 41 61
52 56 29
52 68 61
53 18 77
53 22 42
53 32 88
53 33 80
53 89 8
53 97 39
54 14 86
54 19 72
54 21 34
54 24 60
54 31 83
54 86 44
55 9 47
55 11 66
55 19 82
55 37 63
55 59 93
55 65 94
55 69 80
55 74 59
55 87 21
55 93 86
56 8 49
56 13 82
56 16 90
56 42 60
56 51 59
56 92 56
57 5 84
57 11 95
57 17 88
57 19 48
57 32 70
57 53 100
57 54 96
57 62 3
57 64 18
57 80 4
58 29 55
58 53 24
58 86 97
59 12 42
59 37 65
59 58 95
59 70 99
59 73 15
60 19 65
60 38 36
60 44 61
60 64 66
60 82 81
61 3 93
61 5 17
61 27 55
61 39 72
61 50 49
61 53 20
61 54 47
61 55 60
61 56 2
61 57 58
61 77 62
61 79 3
62 7 10
62 45 64
62 78 10
62 86 50
62 99 95
63 5 72
63 29 28
63 43 84
63 57 50
64 5 20
64 25 37
64 27 22
64 36 78
64 70 64
64 82 8
65 45 92
65 87 90
65 91 89
66 5 68
66 22 72
66 38 36
66 67 77
66 71 70
66 92 43
66 93 72
66 94 88
67 9 7
67 12 64
67 19 33
67 50 12
67 53 26
67 57 88
67 85 32
67 91 94
68 58 42
68 60 31
68 64 16
68 67 98
68 91 17
68 96 94
69 15 18
69 34 24
69 40 100
69 44 71
69 50 7
69 55 87
69 90 16
69 91 18
70 17 75
70 43 73
70 56 84
70 85 56
70 88 72
70 99 80
71 8 79
71 42 29
71 46 28
71 97 64
72 27 2
72 35 67
72 39 46
72 55 99
72 56 95
72 57 47
72 64 74
72 65 92
72 73 71
72 96 71
73 11 42
73 21 7
73 24 10
73 42 20
73 56 2
73 72 73
73 81 9
73 87 13
73 97 9
74 2 12
74 4 71
74 6 55
74 20 37
74 48 51
74 59 94
74 71 89
74 80 54
75 30 34
75 66 16
75 90 20
75 96 59
76 14 51
76 37 60
76 40 83
76 50 55
76 99 60
77 9 98
77 21 92
77 23 16
77 31 59
77 46 11
77 53 38
77 58 31
77 79 20
77 83 37
77 84 5
78 32 89
78 34 64
78 43 82
78 83 5
79 6 1
79 8 91
79 21 33
79 37 32
79 41 28
79 42 59
79 49 37
79 61 52
79 65 44
79 69 34
80 14 9
80 26 55
80 28 84
80 39 58
80 43 76
80 64 85
80 67 59
80 70 15
80 77 30
80 87 73
80 92 60
81 7 23
81 29 87
81 41 67
81 64 70
81 71 81
81 79 43
81 82 20
81 92 63
81 97 99
82 2 47
82 4 58
82 7 39
82 13 58
82 55 61
82 57 33
82 69 76
82 76 66
82 86 58
82 93 4
83 43 35
83 47 55
83 62 78
83 96 56
84 3 74
84 10 99
84 29 37
84 39 4
84 55 14
85 13 25
85 17 74
85 33 12
85 42 9
85 43 84
85 60 24
85 62 20
85 90 59
85 93 99
86 43 69
86 58 74
86 85 82
87 12 22
87 13 20
87 30 5
87 51 98
87 65 41
87 71 65
87 97 4
88 21 31
88 25 20
88 61 76
88 66 24
88 87 60
88 96 40
89 6 93
89 12 65
89 18 85
89 22 63
89 24 13
89 50 23
89 82 41
89 86 84
90 8 6
90 16 59
90 54 18
90 57 81
90 66 35
91 35 35
91 48 45
91 65 4
91 71 95
91 94 7
92 37 2
92 51 12
92 55 40
92 62 33
92 78 81
92 86 90
92 88 9
93 9 16
93 18 79
93 19 24
93 44 20
93 60 47
94 61 98
94 65 1
94 72 93
94 98 74
95 7 4
95 10 48
95 40 91
95 42 30
95 45 41
95 65 19
95 78 67
95 86 76
95 92 68
96 6 87
96 27 46
96 42 21
96 62 60
96 64 68
96 81 3
96 86 3
97 50 95
97 57 50
97 68 50
97 87 94
98 1 5
98 6 22
98 13 98
98 51 45
98 79 5
