100 685
0 5 89
0 14 40
0 44 72
0 60 93
0 65 84
0 81 26
1 3 65
1 6 12
1 12 71
1 36 57
1 40 61
1 72 6
2 15 14
2 41 22
2 92 26
3 11 86
3 28 10
3 30 63
3 50 6
3 52 90
3 55 25
3 66 98
3 87 100
3 95 11
3 96 64
4 1 95
4 13 60
4 52 88
4 53 78
5 6 100
5 24 58
5 33 20
5 50 39
5 85 48
5 97 8
6 10 23
6 67 97
6 84 80
6 99 88
7 56 50
7 61 47
7 65 27
7 74 10
7 76 92
7 80 95
7 92 5
8 13 79
8 34 52
8 44 27
8 48 6
8 52 49
8 57 66
8 60 88
8 69 18
8 70 100
9 6 45
9 12 3
9 14 81
9 19 100
9 85 14
10 2 68
10 9 1
10 14 84
10 35 50
10 87 2
11 19 6
11 25 26
11 38 29
11 49 25
11 56 91
11 71 27
11 81 91
11 85 25
11 88 79
11 89 57
12 42 94
12 97 69
13 4 24
13 11 29
13 15 15
13 50 49
13 56 78
13 59 59
13 99 3
14 10 23
14 21 74
14 37 5
14 46 92
14 65 68
14 76 85
14 96 82
15 24 20
15 28 38
15 58 1
15 64 38
15 81 95
15 95 54
16 6 42
16 13 64
16 46 43
16 52 95
16 91 59
17 9 25
17 10 8
17 28 42
17 39 96
17 75 91
17 93 73
18 31 98
18 38 11
18 41 63
18 66 71
18 68 63
18 79 44
19 9 99
19 10 40
19 22 95
19 37 7
19 42 72
19 63 20
19 73 95
19 90 13
20 3 1
20 21 22
20 33 7
20 48 21
20 67 93
20 85 17
21 1 98
21 8 91
21 18 83
21 41 19
21 53 31
21 87 77
21 92 49
21 97 2
22 15 4
22 17 46
22 33 8
22 36 43
22 60 11
22 64 84
22 66 84
22 71 21
22 85 24
23 20 26
23 37 70
23 38 38
23 67 48
23 69 80
23 79 20
23 92 61
24 3 93
24 33 74
24 40 86
24 44 27
24 61 92
24 91 69
25 49 72
25 51 46
25 65 27
25 67 10
25 70 52
25 74 29
25 86 58
26 2 60
26 11 64
26 25 5
26 45 85
26 51 22
26 52 84
26 74 67
26 77 5
26 82 9
26 89 98
26 92 100
27 14 100
27 29 43
27 53 45
27 81 49
27 89 9
28 2 60
28 26 43
28 31 8
28 36 98
28 51 2
28 65 7
28 86 44
29 2 83
29 12 85
29 15 58
29 20 31
29 36 53
29 47 19
29 54 63
29 69 45
29 89 99
29 92 6
30 8 11
30 13 47
30 18 62
30 66 39
30 73 22
30 90 75
30 92 30
31 12 9
31 46 25
31 68 62
31 72 19
31 86 63
32 20 24
32 25 23
32 31 67
32 35 58
32 47 51
32 51 72
32 58 98
32 63 72
32 75 63
32 87 68
33 9 64
33 35 31
33 37 2
33 51 94
33 59 68
33 77 33
33 93 5
33 95 46
34 26 25
34 28 60
34 30 59
34 41 9
34 51 40
34 52 3
34 59 71
34 64 28
34 74 20
35 1 51
35 16 90
35 32 57
35 39 56
35 67 64
35 88 89
35 90 4
35 91 19
35 96 38
36 12 1
36 14 18
36 30 59
36 35 95
36 40 24
36 42 11
36 45 45
36 71 63
36 86 8
37 18 2
37 34 83
37 36 100
37 47 98
37 48 74
37 49 2
37 50 8
37 60 7
37 61 58
37 64 44
37 79 46
38 11 61
38 33 25
38 39 49
38 49 99
38 66 75
38 80 94
38 83 69
38 89 82
38 90 83
39 1 46
39 27 34
39 38 55
39 40 47
39 41 16
39 69 53
39 74 78
39 97 92
40 11 14
40 17 57
40 30 20
40 34 39
40 41 23
40 84 33
40 94 22
40 97 77
41 5 67
41 12 52
41 18 54
41 21 12
41 29 26
41 68 9
41 76 61
42 29 77
42 52 51
42 54 20
42 58 100
42 61 42
42 63 17
42 72 63
42 90 98
43 1 63
43 7 97
43 56 26
43 71 52
43 85 59
44 17 79
44 98 72
45 1 3
45 15 53
45 24 99
45 27 93
45 51 44
45 72 37
45 85 13
45 92 60
46 1 41
46 11 90
46 33 26
46 35 46
46 36 91
46 45 48
46 59 89
46 88 36
47 12 43
47 18 32
47 24 75
47 26 35
47 38 62
47 41 36
47 70 64
47 74 70
47 78 90
48 3 99
48 6 82
48 25 98
48 28 10
48 39 9
48 55 73
48 77 13
48 93 78
49 37 68
49 68 7
49 71 13
49 91 12
49 94 49
50 4 56
50 26 50
50 31 34
50 57 21
50 74 31
50 85 25
51 1 72
51 30 86
51 43 51
51 60 82
51 70 31
52 3 17
52 8 66
52 12 47
52 18 79
52 25 92
52 69 53
52 73 84
53 17 51
53 34 82
53 47 36
53 78 70
54 23 58
54 38 79
54 52 29
54 67 31
54 71 12
54 74 28
54 75 22
54 77 83
54 79 8
54 83 27
54 96 24
55 2 11
55 3 53
55 8 63
55 29 29
55 57 49
55 62 58
55 65 96
55 77 84
55 89 94
55 92 63
56 47 28
56 55 65
56 66 92
56 81 13
56 97 17
57 35 2
57 49 10
57 68 90
57 70 57
57 73 22
57 75 88
57 76 23
58 26 50
58 36 35
58 45 71
58 78 75
58 83 83
58 87 61
58 94 4
59 2 22
59 20 21
59 46 37
59 60 98
59 95 12
60 8 31
60 22 13
60 23 61
60 50 69
60 66 91
60 67 11
60 81 15
60 91 20
60 93 89
60 96 29
61 5 59
61 13 39
61 15 74
61 17 67
61 44 50
61 50 99
61 57 28
61 65 55
61 87 83
61 93 33
61 98 63
61 99 4
62 12 69
62 26 89
62 32 43
62 40 89
62 50 69
62 69 5
62 91 92
62 97 90
63 2 94
63 20 46
63 42 24
63 46 55
63 53 68
63 79 28
63 94 67
64 15 90
64 36 89
64 58 22
65 9 73
65 12 63
65 13 78
65 24 98
65 25 61
65 27 10
65 40 85
65 44 76
65 46 22
65 66 95
65 68 30
65 91 83
66 8 70
66 26 34
66 38 17
66 65 48
67 23 44
67 32 90
67 42 1
67 49 47
67 64 28
67 74 71
67 77 29
67 90 75
67 91 10
68 55 90
68 56 4
68 59 63
68 77 24
68 82 25
69 13 28
69 41 38
69 46 27
69 88 32
70 19 7
70 28 99
70 33 5
70 64 56
71 2 94
71 4 60
71 12 25
71 16 64
71 30 82
71 42 40
71 85 24
71 91 38
71 94 34
72 13 61
72 23 60
72 59 97
72 73 80
72 79 15
72 84 17
72 96 19
73 7 24
73 12 90
73 24 33
73 31 95
73 36 1
73 42 2
73 50 31
73 58 18
73 88 99
73 93 86
74 2 39
74 9 78
74 44 22
74 52 35
74 53 68
74 75 27
74 82 75
74 97 93
75 7 67
75 11 50
75 67 84
75 76 79
75 91 79
76 3 36
76 24 57
76 27 11
76 41 29
76 44 51
76 80 87
77 1 18
77 38 2
77 47 5
77 66 54
77 69 73
78 4 13
78 10 9
78 17 65
78 74 90
78 75 4
78 99 73
79 15 70
79 32 18
79 54 21
79 55 31
79 72 13
79 88 84
79 97 84
80 18 74
80 69 37
81 5 68
81 13 22
81 29 76
81 38 5
81 65 33
81 83 58
81 90 57
81 92 24
81 94 5
81 95 32
82 4 94
82 22 82
82 24 43
82 46 12
82 63 31
83 12 31
83 16 20
83 17 34
83 41 20
83 43 76
83 46 76
83 47 27
83 63 1
83 65 72
83 81 84
83 82 48
84 12 59
84 14 97
84 30 74
84 61 97
84 69 42
84 79 92
84 80 7
85 7 81
85 16 15
85 46 13
85 79 19
86 16 89
86 27 95
86 37 40
86 39 7
86 47 70
86 49 3
86 57 37
86 59 84
86 68 72
86 75 99
87 2 51
87 4 86
87 11 72
87 13 53
87 21 11
87 29 79
87 42 73
87 62 43
87 96 82
88 15 2
88 32 95
89 15 72
89 32 11
89 37 5
89 41 70
89 42 57
89 63 3
89 69 94
89 76 17
89 93 4
89 95 53
90 11 3
90 44 69
90 76 79
90 80 64
90 83 26
91 2 37
91 13 34
91 31 87
91 34 72
91 38 67
92 14 60
92 26 20
92 37 89
92 53 40
92 78 52
93 9 35
93 31 60
93 34 36
93 41 58
93 46 76
93 64 50
93 83 55
93 85 90
93 91 91
94 42 30
94 43 67
94 58 29
95 5 32
95 22 8
95 31 44
95 32 83
95 37 46
95 81 2
96 17 64
96 20 1
96 35 87
96 51 18
96 64 76
96 69 71
96 83 51
97 13 69
97 49 56
97 52 55
97 58 63
97 79 74
97 96 15
98 12 7
98 23 76
98 37 27
98 38 3
98 43 93
98 56 75
98 60 59
98 67 78
98 74 98
98 78 44
