100 688
0 19 64
0 33 34
0 66 19
0 70 78
0 72 36
1 4 23
1 14 8
1 72 16
1 86 14
1 98 30
2 9 71
2 30 57
2 62 38
2 63 77
2 93 9
2 96 56
3 5 24
3 29 20
3 47 67
3 87 52
4 3 95
4 40 100
4 43 86
4 44 61
4 45 56
4 47 14
4 52 15
4 60 57
4 63 94
4 65 9
4 70 71
5 1 54
5 13 27
5 22 34
5 31 47
5 34 5
5 41 8
5 59 44
5 75 74
5 99 66
6 61 78
6 83 89
7 15 82
7 16 50
7 24 72
7 35 60
7 43 11
7 47 38
7 72 56
7 74 12
7 87 82
7 92 96
7 95 68
8 11 55
8 28 97
8 47 11
8 51 62
8 58 82
8 62 35
8 76 68
9 22 86
9 36 82
9 42 68
9 49 84
9 53 90
9 65 42
9 73 51
9 93 49
10 2 45
10 14 34
10 18 5
10 40 25
10 71 86
11 30 38
11 49 29
11 63 10
11 69 51
11 75 94
11 79 53
11 95 91
12 4 41
12 6 96
12 10 56
12 11 10
12 41 41
12 45 15
13 11 24
13 14 85
13 75 20
13 80 79
13 93 32
14 42 25
14 47 27
14 52 44
14 59 17
14 69 49
14 74 83
14 80 72
14 94 38
14 96 37
15 5 87
15 25 8
15 27 22
15 39 93
15 43 28
15 47 50
15 63 73
15 85 2
16 6 53
16 24 78
16 27 91
16 36 3
16 45 11
16 55 93
16 60 96
17 21 25
17 24 68
17 42 85
17 51 74
17 60 79
17 64 23
17 80 77
17 90 47
18 25 20
18 32 49
18 34 34
18 49 45
18 55 48
18 74 42
18 84 40
19 5 18
19 38 53
19 68 70
20 11 63
20 59 60
20 63 51
20 74 12
20 75 95
20 77 35
20 84 86
20 85 49
20 86 19
20 92 37
21 1 79
21 12 21
21 17 43
21 26 41
21 32 80
21 34 30
21 37 79
21 49 86
21 75 45
22 21 59
22 25 38
22 38 31
22 43 93
22 47 35
22 65 62
22 67 87
22 78 35
23 16 71
23 18 99
23 26 92
23 27 67
23 32 5
23 43 96
23 60 44
23 85 99
24 6 59
24 28 72
24 35 1
24 63 30
24 73 83
24 74 81
24 81 46
25 4 57
25 17 80
25 34 98
25 64 14
25 83 67
26 47 1
26 85 51
26 89 65
27 4 82
27 13 83
27 15 54
27 16 28
27 53 91
27 58 11
27 92 85
28 11 92
28 14 46
28 29 19
28 50 58
28 66 40
28 69 48
28 72 23
28 87 79
28 92 43
29 16 62
29 18 29
29 23 35
29 32 76
29 34 94
29 39 87
29 48 12
29 49 85
29 51 81
29 82 30
30 27 34
30 38 68
30 59 35
30 60 35
30 64 53
30 71 25
30 76 63
30 78 66
30 80 36
30 88 64
30 91 78
30 94 96
30 99 95
31 1 35
31 6 85
31 14 65
31 20 92
31 49 77
32 27 100
32 39 79
32 78 15
32 94 31
32 96 91
33 7 80
33 44 27
33 45 82
33 55 85
33 79 20
33 84 51
33 87 69
33 93 15
33 95 50
34 7 7
34 9 46
34 20 91
34 36 86
34 40 45
34 61 44
34 76 16
34 83 49
35 27 39
35 29 60
35 55 33
35 87 30
36 10 45
36 54 43
36 55 16
36 88 35
36 99 90
37 2 95
37 15 13
37 18 51
37 22 64
37 24 37
37 39 14
37 45 17
37 47 74
37 59 59
37 62 28
37 63 23
37 91 46
38 1 13
38 13 31
38 27 78
38 29 41
38 50 28
38 88 94
39 27 65
39 28 52
39 57 67
39 74 62
39 77 18
40 9 87
40 13 79
40 18 15
40 28 3
40 31 82
40 33 54
40 52 79
40 71 60
40 96 3
41 6 75
41 33 28
41 36 24
41 54 65
41 62 49
41 72 59
41 88 8
41 95 39
42 7 14
42 39 8
42 76 72
42 84 18
43 27 97
43 40 11
43 46 76
43 53 9
43 59 64
43 88 27
43 98 29
44 20 55
44 32 58
44 68 2
44 74 16
44 77 22
44 92 13
45 26 51
45 48 90
45 94 79
46 37 45
46 72 5
46 93 33
47 11 54
47 26 19
47 52 61
47 54 12
47 56 1
47 57 26
47 72 20
47 76 3
47 78 37
47 90 34
47 92 80
48 2 74
48 26 1
48 45 64
48 55 67
48 57 93
48 68 3
48 91 44
49 22 41
49 29 91
49 60 29
49 65 51
49 71 80
49 72 30
49 74 24
49 91 55
50 9 23
50 31 75
50 45 7
50 71 24
51 5 24
51 12 69
51 19 5
51 30 30
51 56 94
51 62 78
51 75 35
51 81 91
51 97 72
51 99 26
52 21 37
52 53 82
52 75 50
52 81 17
52 94 52
53 7 96
53 18 93
53 30 97
53 38 100
53 46 1
53 55 12
53 91 51
53 99 53
54 1 65
54 17 85
54 29 100
54 32 25
54 39 15
54 43 100
54 62 49
54 65 98
54 67 61
54 79 31
54 85 85
55 18 14
55 29 16
55 58 85
56 9 42
56 27 97
56 28 21
56 47 82
56 77 17
56 92 64
56 96 39
57 2 17
57 15 67
57 18 53
57 25 27
57 33 11
57 74 16
57 76 77
57 94 9
58 6 63
58 7 70
58 10 22
58 25 72
58 33 66
58 54 38
58 72 37
59 20 86
59 27 89
60 26 28
60 74 81
60 86 25
61 4 14
61 35 80
61 62 97
61 93 24
62 8 65
62 16 58
62 20 18
62 44 65
62 46 94
62 47 73
62 51 44
62 70 2
63 28 52
63 38 51
63 49 6
63 57 72
63 90 37
64 61 99
64 68 15
64 69 61
64 75 47
64 89 28
64 91 92
64 97 92
65 35 21
65 47 81
65 60 34
65 61 55
66 6 10
66 11 62
66 33 72
66 55 91
66 58 18
66 67 46
66 74 77
66 96 13
67 1 77
67 3 65
67 6 37
67 16 47
67 32 83
67 41 32
67 51 66
67 65 88
67 78 97
67 99 5
68 8 77
68 42 73
68 51 41
68 71 66
68 80 24
68 90 80
69 6 88
69 9 20
69 57 17
69 59 55
69 67 97
69 80 18
70 18 99
70 23 79
70 31 56
70 41 53
70 43 90
70 73 18
70 76 96
70 90 59
70 98 72
71 15 81
71 33 31
71 41 82
71 72 37
71 82 24
72 3 54
72 17 41
72 51 12
72 80 65
72 89 80
73 4 22
73 12 41
73 19 8
73 21 23
73 36 48
73 40 49
73 47 17
73 50 52
73 60 20
73 66 1
73 91 52
73 94 64
74 17 81
74 47 55
74 51 72
74 54 51
74 89 53
74 92 18
75 6 28
75 46 50
75 58 1
75 85 63
75 96 41
76 11 58
76 25 66
76 45 56
76 49 91
76 68 26
76 70 85
76 73 22
76 75 45
76 80 32
76 81 58
76 84 58
77 3 16
77 75 5
77 85 68
78 2 99
78 5 25
78 20 39
78 21 35
78 55 76
78 81 93
78 90 84
78 96 48
79 12 9
79 14 29
79 26 66
79 74 51
79 86 74
80 5 92
80 7 100
80 14 69
80 18 74
80 40 51
80 49 8
80 54 13
80 74 21
80 87 11
80 95 9
80 96 46
81 4 16
81 12 46
81 13 86
81 21 31
81 27 90
81 29 11
81 31 84
81 33 28
81 41 57
81 47 5
81 76 67
81 83 67
81 90 84
82 13 24
82 47 1
82 67 7
82 76 91
82 81 19
82 96 40
83 9 76
83 11 45
83 19 15
83 26 3
83 55 20
83 68 89
83 74 64
83 82 28
83 86 65
83 91 93
83 94 90
84 9 100
84 13 66
84 29 11
84 30 92
84 33 13
84 55 77
84 57 81
84 73 25
84 74 68
84 75 44
84 87 97
84 91 78
84 98 97
85 2 50
85 11 14
85 54 81
85 66 40
85 70 2
85 90 29
86 6 29
86 25 13
86 30 24
86 43 39
86 97 83
86 98 32
87 12 36
87 15 67
87 30 20
87 39 92
87 44 13
87 74 76
87 84 84
87 88 7
88 9 99
88 19 18
88 42 69
88 53 90
88 64 51
88 67 49
88 78 25
88 80 27
88 92 20
88 93 51
88 94 68
89 5 56
89 7 20
89 9 61
89 20 98
89 29 42
89 42 44
89 47 29
89 56 75
89 57 68
89 65 59
89 66 51
89 87 15
90 34 9
90 83 84
91 17 80
91 27 33
91 28 76
91 42 88
91 70 17
91 77 51
91 81 51
92 17 42
92 48 56
92 49 32
92 54 4
92 72 80
92 80 15
92 88 18
92 98 10
93 4 85
93 22 51
93 23 26
93 79 94
93 82 53
93 95 42
94 9 85
94 13 81
94 42 80
94 45 12
94 60 84
94 79 92
94 91 23
95 26 85
95 36 78
95 37 48
95 42 55
96 22 22
96 38 96
96 72 16
96 93 61
97 22 43
97 25 24
97 45 20
97 47 92
97 60 63
97 67 89
97 92 41
98 5 20
98 8 39
98 13 10
98 96 40
