100 686
0 18 5
0 59 87
1 12 56
1 30 97
1 34 57
1 42 37
1 58 28
1 84 47
1 87 14
1 92 71
2 4 19
2 42 18
2 61 34
2 79 17
2 87 88
2 93 14
3 42 68
3 48 65
3 62 99
3 66 73
3 74 70
3 83 72
3 97 27
4 33 67
4 37 60
4 48 98
4 61 67
4 69 23
4 92 31
4 98 49
5 3 96
5 4 32
5 12 30
5 28 80
5 58 42
5 67 94
5 68 63
6 12 5
6 32 41
6 53 8
7 6 96
7 8 30
7 9 69
7 48 44
7 61 91
7 63 66
7 72 42
7 76 71
7 83 70
7 86 91
7 87 74
7 93 60
8 26 80
8 46 84
8 53 36
8 65 45
8 78 66
8 79 48
8 89 60
8 99 77
9 29 95
9 50 61
9 53 24
9 60 58
9 80 87
9 84 14
9 94 30
9 99 13
10 35 73
10 71 33
10 74 83
10 85 52
10 89 71
11 20 20
11 49 47
11 64 6
11 76 60
11 78 47
12 24 30
12 25 65
12 60 10
12 96 76
13 6 2
13 17 81
13 24 49
13 26 19
13 39 91
13 80 38
13 93 71
14 27 17
14 38 56
14 45 78
14 53 50
14 56 59
14 63 75
15 8 21
15 36 87
15 41 87
15 59 86
15 70 70
15 75 37
15 76 98
15 78 64
16 3 7
16 60 94
16 68 55
16 77 34
16 80 11
17 4 74
17 15 15
17 54 76
17 59 64
17 66 2
17 74 77
17 76 2
17 80 78
18 11 77
18 14 97
18 15 26
18 22 23
18 28 66
18 48 74
18 71 22
18 75 56
18 91 9
19 37 8
19 38 84
19 47 83
19 56 28
19 61 76
19 64 95
19 81 18
20 24 85
20 29 45
20 59 80
20 74 19
20 85 68
20 94 81
21 12 30
21 13 89
21 14 21
21 25 3
21 38 1
21 50 54
21 67 90
21 69 59
21 94 34
22 8 51
22 15 19
22 16 73
22 24 32
22 31 11
22 37 65
22 40 84
22 49 16
22 51 55
22 52 57
22 57 69
22 59 8
22 68 68
23 1 25
23 10 81
23 38 90
23 47 90
23 59 72
23 70 92
24 4 3
24 17 79
24 25 70
24 28 81
24 39 54
24 66 87
25 7 95
25 26 18
25 66 78
26 31 100
26 68 67
26 70 55
26 85 96
26 90 97
26 94 45
27 2 63
27 10 50
27 22 55
27 37 5
27 65 82
27 72 26
27 94 40
27 96 30
27 97 86
27 99 14
28 1 75
28 11 92
28 19 91
28 25 12
28 29 50
28 54 38
28 96 15
28 97 21
29 30 45
29 42 61
29 49 77
29 53 43
29 59 69
29 76 24
30 79 10
30 99 78
31 13 98
31 30 14
31 32 37
31 40 39
31 46 38
31 79 56
31 88 33
32 31 61
32 39 15
32 48 22
32 69 50
32 70 31
32 78 10
32 81 40
32 90 86
32 98 78
33 2 9
33 29 71
33 34 53
33 49 17
33 50 80
33 77 98
33 79 68
34 30 2
34 37 13
34 44 85
34 58 75
34 69 14
34 81 56
34 86 47
34 89 90
35 8 4
35 54 20
35 78 6
36 3 7
36 24 85
36 55 83
36 98 5
37 3 71
37 58 53
37 81 55
37 82 40
37 91 98
38 3 48
38 40 20
38 42 15
38 46 22
38 61 96
38 63 73
38 74 5
38 82 40
39 20 90
39 28 33
39 29 68
39 56 65
39 94 46
40 1 79
40 2 32
40 14 91
40 22 31
40 43 40
40 70 83
40 99 30
41 27 63
41 29 97
41 60 44
41 64 17
41 72 36
41 78 96
41 80 46
42 1 86
42 17 65
42 22 68
42 28 77
42 39 45
42 96 4
42 98 34
43 1 80
43 14 88
43 15 44
43 23 48
43 36 60
43 51 84
43 52 94
43 54 73
43 77 31
44 14 60
44 18 3
44 46 52
44 53 56
44 57 1
45 11 98
45 23 97
45 26 51
45 27 58
45 32 66
45 62 72
45 78 83
46 16 41
46 30 68
46 48 29
46 57 51
46 65 63
46 71 64
46 85 72
46 87 64
47 10 79
47 40 34
47 44 61
47 49 64
47 68 77
47 69 10
47 72 22
47 88 7
47 90 35
47 97 64
48 7 11
48 10 22
48 26 27
48 63 48
48 83 95
48 93 16
49 3 14
49 5 63
49 9 44
49 65 48
49 71 10
49 94 96
49 97 96
49 99 23
50 4 30
50 26 52
50 51 89
51 13 20
51 39 32
51 53 94
51 62 29
51 70 48
52 8 37
52 9 7
52 27 41
52 42 11
52 88 68
53 11 48
53 21 14
53 36 50
53 47 23
53 81 33
53 83 49
53 89 23
53 92 28
53 96 86
53 97 65
54 8 91
54 44 2
54 51 34
54 61 78
54 68 83
54 80 64
55 7 48
55 44 34
55 46 62
55 50 96
55 82 42
55 89 5
56 10 87
56 74 74
56 81 31
57 6 38
57 11 88
57 32 29
57 48 27
57 52 61
57 60 96
57 65 76
57 82 31
58 2 86
58 19 8
58 23 70
58 30 7
58 72 77
59 1 66
59 48 88
59 62 28
59 76 68
59 83 58
59 92 11
60 12 13
60 22 75
60 26 19
60 37 100
60 41 47
60 47 63
60 56 34
60 63 64
60 70 32
60 84 66
61 8 53
61 34 66
61 62 68
61 78 97
61 79 96
61 81 90
62 1 2
62 3 98
62 11 97
62 21 15
62 27 86
62 30 5
62 33 36
62 47 93
62 78 98
62 91 81
63 3 15
63 12 43
63 28 40
63 55 77
63 75 45
63 90 74
63 98 77
64 9 11
64 95 42
65 12 80
65 29 66
65 44 60
65 49 46
65 53 14
65 66 59
65 69 6
65 81 26
65 90 66
66 8 23
66 17 79
66 18 49
66 22 46
66 33 89
66 37 98
66 51 45
66 54 82
66 74 5
66 86 41
66 92 37
67 8 14
67 25 96
67 26 98
67 31 37
67 44 99
67 56 82
67 80 25
67 84 63
67 88 20
67 93 14
67 96 39
68 5 40
68 6 73
68 8 85
68 31 34
68 87 79
69 1 42
69 7 89
69 20 92
69 44 3
69 66 93
70 4 21
70 10 13
70 12 76
70 13 89
70 25 54
70 27 83
70 37 70
70 67 46
70 73 50
71 6 14
71 14 14
71 18 24
71 44 87
71 64 18
71 72 11
72 12 87
72 22 40
72 25 48
72 32 89
72 42 9
72 52 34
72 56 60
72 80 43
72 90 57
72 94 12
73 1 64
73 17 77
73 25 82
73 34 1
73 51 92
73 58 52
73 97 45
73 99 59
74 17 82
74 29 30
74 41 2
74 47 86
74 58 91
74 81 62
74 98 100
75 1 26
75 2 71
75 9 27
75 47 5
75 56 15
75 66 68
75 73 71
75 92 99
75 94 72
76 13 29
76 29 46
76 31 15
76 44 90
76 66 38
76 74 66
76 75 85
76 81 28
77 20 60
77 22 46
77 23 97
77 27 1
77 31 93
77 47 67
77 52 20
77 83 65
77 91 32
78 12 76
78 58 38
78 64 85
78 75 11
78 83 79
78 86 49
78 87 93
78 95 71
79 34 96
79 77 80
80 29 45
80 38 41
80 42 84
80 70 38
80 83 73
80 90 35
81 25 25
81 44 40
81 52 13
81 55 16
81 59 67
81 82 34
82 11 94
82 20 76
82 37 37
82 44 27
82 98 54
83 12 67
83 29 50
83 31 38
83 34 24
83 40 63
83 45 6
83 50 43
83 55 74
83 69 43
83 88 31
83 98 48
84 41 66
85 8 61
85 9 5
85 44 80
85 53 4
85 62 19
85 80 60
86 20 31
86 21 18
86 42 58
86 52 64
86 60 51
86 64 41
86 79 50
86 95 49
87 8 39
87 11 13
87 35 16
87 37 38
87 42 7
87 46 10
87 49 95
87 61 45
87 72 36
87 78 37
88 22 60
88 23 55
88 39 42
88 48 42
88 49 68
88 59 55
88 68 39
88 73 90
89 9 71
89 26 87
89 27 17
89 28 7
89 49 58
89 57 94
89 64 15
89 77 35
90 2 66
90 34 57
90 37 61
90 41 35
90 79 51
91 2 80
91 6 96
91 57 33
91 89 100
92 1 99
92 13 29
92 18 53
92 24 74
92 40 69
92 74 18
92 97 61
92 98 16
93 1 22
93 25 4
93 27 8
93 73 29
93 99 42
94 6 51
94 20 61
94 44 71
94 55 33
94 58 89
94 81 81
94 87 38
94 88 95
95 16 87
95 25 76
95 36 87
95 43 91
95 44 5
95 49 60
95 51 81
95 55 53
95 56 79
95 62 49
95 66 45
95 76 20
95 92 44
96 5 46
96 15 34
96 31 42
96 40 46
96 45 5
96 54 98
96 60 94
96 68 88
96 83 34
96 98 85
96 99 53
97 25 27
97 31 35
97 60 89
97 69 76
97 73 64
97 88 94
97 91 50
98 6 62
98 21 37
98 28 93
98 38 49
98 45 96
98 58 58
98 66 39
98 67 14
98 83 48
98 91 10
