100 693
0 5 92
0 15 80
0 74 4
0 84 90
1 24 24
1 50 21
1 79 30
2 36 83
2 38 34
2 45 2
2 85 6
2 92 100
3 2 13
3 4 86
3 19 22
3 21 62
3 25 77
3 36 19
3 43 69
3 50 24
3 55 51
3 63 41
3 76 34
3 88 81
3 96 15
4 35 49
4 79 21
4 86 96
4 90 80
5 16 53
5 24 42
5 38 5
5 42 7
5 50 21
5 53 21
5 64 10
5 65 16
5 72 16
5 77 95
5 83 30
6 28 54
6 31 57
6 37 31
6 52 27
6 55 52
6 60 5
7 1 18
7 9 55
7 10 68
7 27 71
7 48 80
7 52 21
7 69 25
8 28 28
8 52 60
8 62 42
8 68 87
8 95 37
9 27 63
9 38 83
9 40 90
9 84 23
9 90 14
9 92 35
9 99 23
10 4 77
10 13 100
10 15 6
10 16 59
10 36 83
10 50 17
10 53 93
10 55 6
10 97 90
11 16 41
11 52 83
11 63 56
11 65 21
11 70 97
11 96 86
12 23 83
12 61 100
12 80 79
13 11 46
13 30 44
13 51 87
13 72 82
13 75 26
13 77 30
13 83 66
13 87 95
13 95 39
14 8 84
14 44 58
14 46 94
14 52 83
14 65 26
14 73 67
14 95 71
15 18 21
15 21 54
15 29 72
15 62 42
15 96 12
16 10 6
16 31 45
16 45 71
16 54 29
16 64 87
16 89 79
16 91 98
17 6 33
17 8 90
17 16 3
17 46 83
17 67 50
17 75 16
17 96 16
18 7 48
18 33 100
18 52 10
18 60 83
18 74 7
19 17 30
19 32 10
19 48 25
19 61 85
19 74 11
20 3 72
20 43 19
20 55 77
20 63 44
20 71 51
20 72 50
20 80 8
20 93 12
21 26 8
21 56 40
22 15 7
22 43 48
22 57 85
22 66 49
22 82 57
22 97 79
23 5 13
23 35 68
23 39 74
23 78 60
23 97 5
23 99 23
24 10 39
24 11 78
24 31 6
24 47 48
24 57 69
24 58 61
24 66 28
24 70 66
24 96 10
24 98 14
25 1 89
25 17 57
25 22 40
25 41 38
25 54 72
25 65 94
25 70 46
25 73 4
25 79 56
25 82 49
25 99 88
26 21 90
26 24 62
26 29 35
26 61 29
26 75 4
27 6 49
27 25 59
27 40 31
27 46 56
27 55 98
27 57 5
27 61 60
27 71 93
27 98 1
28 16 92
28 29 30
28 34 18
28 39 92
28 79 31
28 81 15
28 82 38
28 89 42
28 97 18
29 48 86
29 51 36
29 63 72
29 74 99
29 79 78
29 89 29
29 93 24
30 13 29
30 34 79
31 1 48
31 13 77
31 21 3
31 25 66
31 30 89
31 79 89
31 82 42
31 85 65
31 92 61
32 2 27
32 3 45
32 7 81
32 11 26
32 39 24
32 44 32
32 64 88
33 4 42
33 6 6
33 11 73
33 17 2
33 25 81
33 31 56
33 40 92
33 44 34
33 48 92
33 79 68
33 83 5
33 98 34
34 8 84
34 18 97
34 39 58
34 45 3
34 52 6
34 66 43
34 76 99
34 81 46
34 83 66
34 96 94
35 8 80
35 19 1
35 44 12
35 70 3
35 94 88
36 4 52
36 13 13
36 20 48
36 31 4
36 39 87
36 45 75
36 52 31
36 74 9
36 87 24
36 92 13
36 97 70
37 7 95
37 8 29
37 27 75
37 44 86
37 54 54
37 62 44
37 82 83
37 90 68
37 94 91
38 19 42
38 39 56
38 49 34
38 75 12
39 3 13
39 33 20
39 45 60
39 47 58
39 55 43
39 62 99
39 67 85
39 72 21
39 82 57
39 84 66
39 85 91
40 13 2
40 52 100
40 62 90
40 63 21
40 72 9
40 91 50
41 11 63
41 15 85
41 20 84
41 44 62
41 63 61
41 72 18
41 80 38
41 87 78
41 98 96
41 99 92
42 2 24
42 13 55
42 72 48
42 75 77
43 4 65
43 17 83
43 23 21
43 44 9
43 46 71
43 67 61
43 83 2
43 90 3
43 92 19
44 6 92
44 11 61
44 18 11
44 28 1
44 39 49
44 75 14
44 96 53
44 98 40
45 9 39
45 15 17
45 34 5
45 37 11
45 52 4
45 54 45
45 61 50
45 63 3
45 73 7
45 97 7
46 8 97
46 15 44
46 22 96
46 25 78
46 44 72
46 58 65
46 71 19
46 78 37
46 86 97
47 20 11
47 58 34
47 63 84
47 93 16
47 96 27
48 6 44
48 33 42
48 41 53
48 78 44
48 89 53
49 9 46
49 10 3
49 14 87
49 15 56
49 23 20
50 1 3
50 16 83
50 22 32
50 57 50
50 79 92
50 94 61
51 5 38
51 29 96
51 47 55
51 89 40
52 65 10
52 83 31
52 87 98
53 46 97
53 60 53
53 70 100
54 5 42
54 27 68
54 36 14
54 77 83
54 93 13
54 98 62
55 1 63
55 3 31
55 19 9
55 25 52
55 41 19
55 64 44
55 65 63
55 77 95
55 80 9
55 85 74
55 90 30
56 10 52
56 15 69
56 21 65
56 23 78
56 43 94
56 44 68
56 51 75
56 52 31
56 58 34
56 63 87
56 72 30
56 82 86
56 83 73
56 92 49
57 12 38
57 26 51
57 28 55
57 41 71
57 56 79
57 70 55
58 8 14
58 21 8
58 22 41
58 46 36
58 51 61
58 56 9
58 59 18
58 60 62
58 75 69
58 76 96
58 78 93
59 9 49
59 16 59
59 21 87
59 39 83
59 68 64
60 1 34
60 6 34
60 34 82
60 36 6
60 51 22
60 63 45
60 68 81
61 2 27
61 8 89
61 14 94
61 29 57
61 37 64
61 39 11
61 69 85
61 86 22
61 88 15
61 92 18
61 95 54
61 98 12
62 6 80
62 26 70
62 48 26
62 53 62
62 63 12
62 67 9
62 71 76
62 73 47
62 78 57
63 11 1
63 20 77
63 27 29
63 36 54
63 65 24
63 71 19
63 76 59
63 92 69
63 93 33
64 27 20
64 33 55
64 54 11
64 83 16
64 91 65
64 94 74
65 10 8
65 23 50
65 24 39
65 33 19
65 39 60
65 40 60
65 57 18
65 63 49
65 80 22
65 98 72
65 99 3
66 12 29
66 17 9
66 32 26
66 41 64
66 58 1
66 90 1
67 6 39
67 29 71
67 34 33
67 62 77
67 76 76
67 77 35
68 3 96
68 21 97
68 22 19
68 84 43
68 92 30
68 94 91
69 3 7
69 5 6
69 8 32
69 29 20
69 44 25
69 59 97
69 70 49
69 75 54
69 91 97
69 94 62
70 27 11
70 33 60
70 39 72
70 48 55
70 59 53
70 88 97
71 3 1
71 13 84
71 24 24
71 29 46
71 34 60
71 44 57
71 46 64
71 57 93
71 81 16
71 86 14
71 90 98
71 97 82
72 7 52
72 15 33
72 19 79
72 26 9
72 28 30
72 43 89
72 68 92
72 71 30
72 77 32
72 85 54
72 90 33
73 8 41
73 15 98
73 39 89
73 65 25
74 28 11
74 43 29
74 46 45
74 77 42
74 87 26
74 90 14
75 27 20
75 42 57
75 43 19
75 59 41
75 71 11
75 88 39
76 4 44
76 8 11
76 19 99
76 22 100
76 80 92
76 89 15
77 14 22
77 18 38
77 35 24
77 43 48
77 50 23
77 59 69
77 78 60
77 88 26
77 96 13
78 67 56
78 88 87
78 92 19
78 99 12
79 12 7
79 26 11
79 31 45
79 92 23
79 94 51
80 8 51
80 17 80
80 20 63
80 40 38
80 41 70
80 59 72
80 66 61
80 67 84
80 86 12
81 10 80
81 19 65
81 27 67
81 36 64
81 99 45
82 33 5
82 41 18
82 74 84
82 86 96
83 4 87
83 28 59
83 35 44
83 50 48
83 60 72
83 85 42
83 86 28
84 30 87
84 39 14
84 59 14
84 67 3
84 72 21
85 3 62
85 10 76
85 29 74
85 33 38
85 45 82
85 64 54
86 1 15
86 84 9
86 94 80
87 16 27
87 18 6
87 40 68
87 46 29
87 88 68
88 23 40
88 26 7
88 28 63
88 29 57
88 32 86
88 44 43
88 52 84
88 89 79
88 93 81
88 95 9
88 99 62
89 4 15
89 28 85
89 36 69
89 53 42
89 68 99
89 74 33
90 2 79
90 27 49
90 43 62
90 44 89
90 62 36
90 73 88
90 98 73
91 23 61
91 70 89
91 72 67
92 6 84
92 33 70
92 45 68
92 56 43
92 61 24
92 68 92
92 78 15
92 80 12
92 84 5
93 5 60
93 56 22
93 75 77
93 77 60
93 80 38
93 92 98
93 94 25
94 17 49
94 26 2
94 44 64
94 50 73
94 72 99
94 80 39
95 53 88
95 57 100
95 63 27
95 68 26
95 81 96
96 12 11
96 13 49
96 43 26
96 62 53
96 65 26
97 2 35
97 15 93
97 22 75
97 34 64
97 55 26
97 74 48
98 3 18
98 6 77
98 12 27
98 15 43
98 18 53
98 42 10
98 57 83
98 64 44
98 66 71
98 69 18
98 87 2
98 95 45
