100 683
0 42 5
0 47 91
0 86 50
0 87 36
1 20 91
1 24 63
1 26 8
1 27 25
1 35 88
1 42 8
1 61 53
1 62 38
1 70 81
1 72 90
1 81 6
1 83 64
1 95 9
1 99 44
2 14 49
2 18 55
2 20 97
2 30 79
2 31 63
2 43 88
2 66 44
2 67 41
2 95 12
3 15 94
3 28 37
3 30 31
3 63 80
3 85 48
3 87 48
3 91 74
4 11 53
4 19 2
4 43 77
4 97 56
5 19 62
5 23 17
5 83 16
6 1 93
6 18 29
6 23 62
6 32 79
6 33 52
6 74 6
6 75 24
6 78 69
6 98 74
7 3 60
7 5 8
7 64 56
7 68 64
7 71 89
8 5 81
8 33 27
8 39 34
8 41 83
8 49 74
8 50 88
8 53 81
8 58 31
8 62 40
8 63 62
8 72 18
9 33 85
9 50 51
9 52 66
9 71 4
9 81 79
10 22 89
10 33 8
10 52 92
10 53 46
10 61 27
10 80 82
10 89 47
11 3 5
11 6 74
11 47 39
11 78 9
11 80 50
11 82 87
11 93 29
12 17 93
12 26 94
12 33 18
12 39 10
12 60 23
12 62 24
12 74 30
12 97 83
13 7 5
13 16 3
13 22 26
13 41 30
13 42 27
13 48 2
13 53 5
13 54 6
13 69 9
13 98 25
14 23 27
14 39 51
14 48 6
14 94 67
14 98 20
15 6 69
15 25 23
15 30 87
15 41 10
15 60 7
15 69 57
15 72 57
15 92 82
16 21 26
16 40 92
16 41 57
16 45 1
16 46 97
16 54 32
16 64 57
16 65 21
16 72 77
16 73 76
16 96 60
16 98 25
17 2 78
17 7 75
17 55 55
17 83 92
18 24 86
18 44 69
18 86 93
19 22 45
19 28 97
19 44 97
19 63 96
19 71 9
19 73 92
19 94 17
20 1 22
20 9 25
20 18 83
20 24 27
20 46 43
20 47 86
20 60 53
20 61 15
20 70 91
20 82 32
20 89 62
21 15 12
21 27 9
21 62 32
21 87 7
22 3 93
22 30 19
22 37 25
22 44 84
22 55 5
22 58 67
22 70 9
22 86 82
22 93 51
23 2 72
23 7 17
23 30 5
23 39 37
23 54 65
23 74 13
23 75 68
23 85 50
23 87 78
23 93 65
23 95 30
24 2 65
24 6 38
24 21 64
24 23 47
24 27 17
24 42 90
24 43 77
24 46 13
24 76 77
24 93 23
24 96 30
25 2 93
25 8 93
25 16 13
25 23 58
25 29 78
25 36 59
25 40 79
26 47 36
26 73 34
26 85 20
26 92 35
26 94 6
27 4 9
27 31 3
28 13 20
28 20 4
28 25 6
28 29 58
28 48 60
28 49 88
29 12 92
29 21 68
29 27 3
29 70 1
29 77 86
29 87 60
30 1 82
30 16 70
30 41 89
30 83 48
30 92 94
31 13 95
31 28 60
31 68 15
31 70 72
32 2 11
32 4 28
32 27 70
32 46 29
32 60 1
32 78 36
32 89 81
32 93 66
33 9 21
33 14 83
33 25 56
33 31 89
33 41 86
33 52 69
33 53 42
33 74 64
33 75 27
33 81 74
33 86 12
33 94 89
33 96 75
34 6 38
34 7 85
34 43 27
34 62 80
34 85 40
35 6 82
35 21 80
35 58 75
35 60 58
35 69 90
35 74 95
36 4 98
36 7 95
36 11 38
36 16 63
36 19 91
36 21 68
36 32 6
36 51 44
36 53 86
36 61 82
36 73 33
36 78 68
37 6 71
37 23 99
37 27 82
37 29 48
37 40 80
37 45 89
37 50 58
37 92 65
37 94 96
37 99 35
38 1 65
38 2 12
38 17 31
38 18 51
38 56 71
38 58 43
38 96 73
39 2 58
39 14 80
39 20 97
39 23 48
39 28 89
39 29 2
39 37 70
39 46 26
39 49 35
39 68 3
39 98 56
40 12 78
40 30 64
40 78 34
41 10 46
41 17 64
41 39 46
41 77 38
41 86 32
42 1 77
42 8 7
42 24 93
42 31 19
42 69 49
42 82 47
42 90 99
43 1 29
43 4 68
43 81 33
43 92 62
44 14 14
44 39 35
44 54 22
44 60 96
44 75 45
44 83 78
44 88 81
44 92 86
45 31 23
45 46 40
45 60 54
45 66 96
45 67 3
45 86 23
45 87 72
46 37 34
46 59 1
46 62 43
46 81 25
46 92 48
47 29 87
47 45 96
47 53 99
47 65 34
47 80 81
48 11 1
48 40 10
48 55 3
48 68 76
49 19 78
49 47 63
49 52 37
49 75 50
49 80 18
49 94 28
50 32 13
50 36 17
50 64 32
50 65 15
50 73 32
50 79 48
50 80 22
50 95 78
51 28 14
51 42 26
51 77 70
51 91 9
51 92 100
52 6 84
52 23 94
52 30 83
52 37 53
52 69 10
53 9 42
53 10 24
53 12 12
53 13 40
53 16 94
53 19 84
53 26 76
53 32 34
53 33 48
53 73 67
54 11 15
54 19 1
54 44 34
54 61 86
54 70 100
54 75 91
54 93 30
54 99 53
55 1 19
55 8 40
55 32 73
55 38 34
55 46 69
55 66 27
55 70 11
56 3 77
56 6 17
56 9 49
56 37 86
56 66 71
57 11 97
57 18 47
57 32 79
57 38 7
57 40 97
57 53 100
57 62 31
57 70 70
57 93 18
57 96 2
58 23 4
58 94 58
59 8 85
59 16 48
59 37 38
59 49 98
59 75 100
60 13 59
60 17 95
60 24 94
60 56 35
60 59 99
60 75 44
60 76 72
61 22 34
61 24 7
61 37 97
61 60 67
61 62 99
61 63 36
61 64 100
61 70 83
61 78 45
61 82 29
61 84 21
61 96 63
61 98 98
62 10 66
62 37 12
62 45 75
62 97 5
63 7 95
63 16 81
63 32 15
63 38 12
63 42 5
63 77 66
63 98 88
64 21 25
64 28 30
64 83 42
64 85 20
64 94 34
64 97 45
65 48 26
65 85 73
66 46 34
66 54 47
66 65 61
66 68 57
66 90 44
66 93 10
67 36 35
67 39 63
67 76 19
67 91 59
68 51 42
68 70 45
68 74 24
68 92 83
69 1 78
69 6 2
69 9 17
69 13 16
69 18 4
69 19 61
69 24 6
69 27 100
69 40 46
69 49 33
69 92 13
69 97 75
70 29 37
70 32 63
70 37 3
70 45 92
70 55 93
70 96 39
70 98 22
71 78 13
71 88 64
72 2 64
72 3 19
72 28 38
72 29 54
72 51 80
72 70 73
72 95 10
73 2 38
73 6 91
73 24 24
73 79 12
73 87 91
74 15 49
74 34 23
74 36 50
74 88 4
75 1 11
75 4 98
75 7 83
75 9 56
75 10 48
75 13 88
75 14 19
75 17 50
75 27 51
75 55 60
75 59 10
75 72 53
75 98 68
76 1 90
76 22 61
76 35 7
76 62 37
76 77 75
76 87 5
76 89 30
77 12 66
77 19 5
77 24 6
77 33 37
77 37 96
77 59 77
77 61 76
77 71 33
77 75 43
77 79 6
77 80 9
77 81 21
77 95 69
78 28 60
78 44 24
78 74 10
78 82 67
79 5 92
79 11 4
79 17 10
79 41 73
79 55 89
79 62 79
79 85 93
79 87 98
80 18 15
80 36 13
80 50 29
80 66 70
80 73 32
81 11 59
81 13 63
81 28 15
81 47 90
81 50 29
81 54 91
81 73 51
81 93 87
81 97 17
81 98 2
82 4 12
82 15 75
82 38 1
82 85 13
82 86 83
83 19 17
83 20 23
83 21 26
83 34 53
83 41 97
83 42 24
83 52 63
83 64 11
83 79 26
83 81 91
83 84 37
83 85 16
83 91 70
84 7 25
84 30 44
84 39 63
84 44 96
84 47 93
84 57 19
85 12 3
85 36 99
85 75 45
85 76 30
85 82 47
86 2 97
86 3 51
86 10 24
86 38 1
86 44 45
86 46 26
86 99 38
87 47 56
87 58 27
87 74 70
87 89 22
87 93 69
87 94 76
88 40 78
88 60 89
88 61 29
88 63 27
89 10 94
89 36 75
89 38 6
89 47 59
89 64 84
89 83 27
89 85 1
89 92 26
89 99 91
90 8 95
90 11 69
90 33 45
90 47 21
90 63 27
90 73 36
90 78 29
91 7 41
91 23 26
91 28 50
91 61 48
91 78 86
91 97 93
92 11 87
92 14 21
92 17 31
92 29 41
92 45 17
92 82 62
92 98 38
93 9 11
93 19 77
93 34 42
93 35 81
93 54 83
93 71 100
93 76 59
93 80 94
93 95 25
94 2 22
94 6 35
94 10 12
94 28 26
94 57 42
94 74 4
94 77 54
94 93 91
95 27 77
95 45 46
95 54 73
95 66 97
95 68 69
95 69 65
95 70 58
95 83 57
95 86 78
96 9 15
96 23 29
96 31 92
96 77 25
96 86 79
97 5 61
97 13 11
97 25 80
97 36 96
97 44 24
97 54 33
97 91 12
98 17 26
98 19 42
98 45 61
98 53 24
98 58 96
98 62 86
