100 683
0 12 86
0 29 89
0 36 52
0 43 31
0 44 20
0 53 65
0 54 17
0 60 10
0 92 32
1 3 12
1 6 27
1 19 11
1 47 15
1 52 42
1 72 65
1 77 52
2 19 92
2 20 78
2 26 95
2 27 43
2 28 98
2 39 69
2 59 2
2 65 100
2 70 55
2 91 34
2 92 7
3 23 25
3 42 29
3 59 22
3 95 67
4 11 1
4 13 48
4 49 34
4 87 100
5 8 100
5 19 47
5 21 92
5 34 38
5 58 49
5 87 80
6 12 67
6 35 48
6 37 97
6 54 14
6 90 18
6 96 94
7 45 13
7 49 44
7 54 1
7 76 69
8 1 47
8 23 79
8 35 87
8 52 2
8 66 26
8 79 16
8 88 30
8 89 45
8 94 67
9 36 15
9 47 3
9 53 13
9 55 70
9 68 20
9 87 54
10 13 7
10 50 33
10 52 61
10 53 97
10 54 27
10 95 61
11 1 33
11 33 12
11 40 87
11 42 28
11 46 46
11 47 88
11 64 40
11 84 87
11 93 87
12 4 14
12 19 35
12 20 50
12 36 13
12 39 99
12 40 67
12 71 58
12 84 23
12 87 64
13 9 61
13 16 22
13 42 58
13 52 97
13 58 38
13 66 96
13 70 72
13 99 5
14 4 65
14 17 91
14 31 58
14 34 86
14 50 41
14 51 36
14 57 11
14 71 32
14 72 83
14 80 62
14 99 90
15 3 3
15 22 5
15 35 20
15 41 51
15 53 19
15 68 18
16 11 7
16 28 65
16 43 69
16 56 48
16 61 12
16 72 85
16 86 95
17 9 76
17 26 51
17 43 58
17 61 5
17 68 51
17 74 56
17 81 12
17 82 94
17 99 80
18 10 40
18 22 63
18 51 12
18 58 84
18 62 74
18 84 46
19 17 66
19 21 72
19 33 42
19 41 87
19 60 49
19 72 41
19 76 89
19 82 9
19 89 10
19 95 9
20 8 22
20 26 26
20 43 78
20 44 27
20 80 40
20 81 7
20 93 79
20 94 18
20 98 70
21 15 48
21 30 64
21 46 46
21 51 49
21 78 24
21 82 1
22 1 27
22 25 57
22 30 55
22 41 20
22 53 22
22 66 85
22 82 55
22 94 35
23 19 19
23 22 23
23 31 29
23 39 86
23 40 41
23 88 31
23 92 98
24 30 18
24 43 67
24 44 70
24 50 15
24 54 49
24 65 79
24 66 43
24 78 48
25 16 73
25 55 72
25 58 4
25 73 88
25 77 62
25 78 12
25 85 57
26 19 51
26 58 39
26 66 86
26 69 88
27 9 15
27 12 79
27 21 11
27 22 91
27 85 17
27 89 100
28 7 79
28 14 27
28 26 55
28 51 80
28 60 32
28 88 14
28 99 54
29 8 80
29 13 6
29 25 89
29 30 64
29 46 49
29 72 84
29 89 43
29 96 25
30 12 68
30 25 23
30 32 28
30 35 60
30 53 61
30 55 45
30 76 77
30 82 69
31 4 30
31 11 43
31 43 35
31 67 69
32 19 45
32 45 43
32 54 29
32 62 10
32 83 1
32 94 17
32 97 69
33 7 76
33 9 4
33 18 88
33 40 39
33 53 76
33 64 28
33 69 7
33 76 77
33 77 65
33 84 53
34 16 70
34 22 3
34 68 66
35 9 26
35 17 88
35 51 55
35 52 89
35 85 68
35 97 93
36 9 18
36 15 87
36 16 56
36 38 88
36 39 85
36 74 34
37 4 40
37 6 49
37 38 26
37 44 23
37 54 13
37 65 75
37 81 43
37 87 29
37 89 87
37 93 26
37 95 89
38 9 58
38 34 96
38 68 15
38 70 52
38 71 85
38 75 72
38 82 86
39 6 1
39 57 67
39 97 18
40 2 3
40 69 76
40 80 67
40 82 62
40 86 79
41 18 49
41 19 76
41 50 66
41 53 51
41 72 54
42 4 18
42 5 11
42 10 17
42 17 33
42 26 38
42 34 78
42 46 87
42 47 14
42 89 40
42 93 36
42 99 5
43 4 58
43 11 55
43 29 13
43 41 96
43 52 47
43 57 31
43 73 43
43 79 56
43 80 50
43 96 30
44 2 89
44 9 32
44 17 89
44 19 32
44 34 19
44 47 65
44 75 17
44 77 94
44 88 20
44 93 93
45 8 6
45 11 24
45 14 93
45 19 23
45 31 63
45 36 58
45 39 17
45 40 65
45 52 28
45 84 78
45 96 54
46 6 86
46 36 34
46 44 75
46 86 80
46 88 69
46 94 6
47 11 66
47 24 16
47 28 77
47 34 29
47 36 70
47 62 94
47 79 84
47 87 94
48 24 32
48 32 82
48 36 41
48 40 2
48 53 42
48 60 98
48 83 42
49 10 69
49 47 93
49 50 83
49 52 63
50 3 77
50 44 35
50 62 67
50 63 39
50 65 96
50 72 35
50 94 32
51 3 4
51 14 74
51 16 40
51 31 16
51 36 30
51 41 80
51 69 24
51 87 42
51 92 25
52 10 5
52 34 42
52 45 71
52 55 62
52 62 70
52 69 53
52 88 66
52 92 3
53 20 65
53 28 39
53 37 51
53 47 66
53 93 21
54 13 92
54 39 33
54 58 10
54 87 44
55 3 66
55 23 97
55 56 95
55 91 9
56 2 32
56 8 32
56 26 56
56 38 14
56 64 31
56 99 54
57 47 5
57 86 40
57 89 61
58 7 23
58 73 99
58 95 63
59 36 20
59 62 88
59 72 92
59 82 5
60 18 86
60 20 38
60 47 45
60 56 43
60 69 90
60 86 47
60 93 75
60 97 88
61 25 23
61 27 8
61 41 35
61 48 33
61 50 92
61 63 26
61 70 13
61 73 74
61 89 40
61 94 9
61 99 57
62 5 94
62 16 38
62 20 52
62 32 48
62 56 28
62 67 7
62 71 29
63 3 71
63 4 39
63 24 85
63 31 62
64 2 96
64 18 23
64 25 9
64 54 22
64 79 60
64 98 80
65 17 18
65 18 64
65 56 92
65 57 99
65 63 63
65 86 92
66 24 23
66 25 20
66 26 20
66 48 62
66 51 40
66 61 33
66 74 71
66 79 46
66 88 31
67 12 19
67 23 97
67 31 72
67 40 13
67 44 32
67 47 37
67 71 49
67 79 80
67 94 71
67 99 15
68 2 5
68 7 34
68 9 2
68 12 90
68 27 37
68 34 3
68 38 68
68 49 65
68 58 92
68 82 100
68 92 86
69 20 14
69 22 71
69 49 67
69 93 91
70 29 74
70 53 26
70 60 66
70 71 39
70 90 59
71 1 85
71 3 22
71 7 87
71 43 26
71 48 60
71 53 94
71 64 75
71 66 21
71 68 15
71 97 37
72 4 1
72 29 43
72 41 79
72 49 63
72 67 92
72 84 43
72 94 1
72 99 45
73 24 52
73 28 57
73 78 74
74 28 62
74 57 53
74 60 64
74 62 96
74 71 90
74 88 25
74 90 7
74 99 28
75 19 12
75 33 27
75 63 5
75 64 23
75 65 88
75 97 57
76 5 51
76 6 46
76 13 40
76 30 76
76 36 59
76 64 91
76 70 61
77 4 24
77 14 68
77 21 22
77 48 55
77 73 11
77 90 28
77 99 32
78 1 25
78 7 64
78 17 56
78 21 28
78 23 86
78 27 76
78 59 1
78 97 59
78 99 51
79 28 40
79 31 49
79 58 29
79 66 60
79 80 97
79 95 84
80 2 62
80 14 98
80 18 82
80 22 81
80 45 79
80 51 28
80 52 90
80 64 64
80 66 99
80 75 71
80 82 59
81 28 83
81 35 39
81 56 16
81 57 4
81 92 21
81 98 51
82 13 38
82 31 45
82 37 8
82 86 54
82 92 93
83 5 57
83 9 43
83 45 13
83 49 99
83 58 54
83 82 34
83 97 25
84 20 80
84 28 43
84 31 82
84 44 78
84 52 92
84 78 20
84 79 95
84 99 75
85 21 78
85 36 28
85 44 16
85 47 94
85 52 82
85 75 41
85 79 69
86 43 73
86 53 33
86 55 41
86 82 57
86 84 72
86 88 69
86 90 47
86 91 76
86 92 53
86 94 68
87 8 18
87 16 7
87 36 14
87 58 98
87 63 50
87 76 17
88 21 17
88 53 100
88 62 64
88 64 28
89 45 91
89 64 2
89 83 14
90 19 39
90 33 33
90 34 84
90 37 93
90 52 30
90 57 14
90 78 52
90 85 90
90 89 20
91 4 54
91 27 60
91 40 68
91 57 96
91 88 32
92 1 38
92 16 31
92 23 29
92 27 92
92 33 26
92 41 5
92 46 76
92 57 12
92 62 52
92 75 18
92 84 14
93 16 57
93 25 20
93 28 21
93 92 15
94 2 1
94 49 56
94 91 28
95 3 26
95 17 51
95 40 24
95 45 27
95 59 25
95 64 91
95 66 34
95 94 50
95 96 98
96 15 86
96 22 17
96 29 99
96 44 24
96 57 8
96 59 69
96 90 58
97 28 58
97 41 19
97 44 88
97 92 82
98 10 55
98 14 79
98 19 49
98 61 86
98 70 70
98 72 20
98 85 79
