100 688
0 17 73
0 29 62
0 55 15
0 64 20
0 69 67
0 90 1
0 93 65
0 99 69
1 6 8
1 26 24
1 27 11
1 31 72
1 56 47
2 9 22
2 39 35
2 51 89
2 70 82
2 77 37
2 89 23
2 92 82
3 8 88
3 34 83
3 36 22
3 43 81
3 46 31
3 56 93
3 57 81
3 61 46
3 69 15
4 9 91
4 22 60
4 43 41
4 47 15
4 54 2
4 62 11
4 69 14
4 84 46
4 90 58
4 97 65
5 6 76
5 11 50
5 18 50
5 22 61
5 28 76
5 38 90
5 42 14
5 49 3
5 55 44
5 59 57
5 61 4
5 81 38
5 83 28
5 84 72
5 98 73
6 10 5
6 13 37
6 20 42
6 22 24
6 44 63
6 45 63
7 49 97
7 52 76
7 61 4
7 72 23
7 76 77
7 79 9
7 98 71
8 9 76
8 10 25
8 41 63
8 48 75
8 66 59
8 91 43
9 25 62
9 36 5
9 55 28
9 60 1
9 65 4
10 1 69
10 2 86
10 6 66
10 17 48
10 36 79
10 55 70
10 99 59
11 6 15
11 26 9
11 33 90
11 45 14
11 53 77
11 63 72
11 66 51
11 67 38
11 68 92
11 83 50
12 25 50
12 30 3
12 43 10
12 58 6
12 67 96
12 71 39
12 74 10
13 23 9
13 28 35
13 31 78
13 33 81
13 41 67
13 59 33
13 79 40
13 90 5
14 8 5
14 17 40
14 19 18
14 21 20
14 32 1
14 57 98
14 63 67
14 73 6
14 79 62
14 80 4
14 85 24
14 86 30
14 89 37
14 90 38
14 94 35
15 23 9
15 59 55
15 75 80
15 99 18
16 24 89
16 44 93
16 52 22
16 53 70
16 60 89
16 70 85
16 77 13
16 83 65
16 86 41
16 87 80
16 91 8
17 11 80
17 35 56
17 46 33
17 60 65
17 68 49
17 82 14
18 10 59
18 16 43
18 17 67
18 32 58
18 52 70
18 61 79
18 68 57
18 70 49
18 78 54
19 1 22
19 3 2
19 12 94
19 71 14
19 75 95
19 90 29
19 94 32
20 5 61
20 32 21
20 45 37
20 67 62
20 77 37
20 89 36
21 7 71
21 30 94
21 55 24
21 85 34
22 5 64
22 71 72
22 79 59
22 99 25
23 33 11
23 48 81
23 58 31
23 78 90
23 97 41
24 40 26
24 55 27
24 64 15
24 71 51
24 88 25
24 94 58
25 65 72
25 88 100
26 16 32
26 32 59
26 42 36
26 59 9
26 60 61
26 70 49
26 81 84
27 13 69
27 25 9
27 41 63
27 57 37
27 58 71
27 80 75
27 83 30
27 95 88
28 11 51
28 40 63
28 48 50
28 51 11
28 52 42
28 64 19
28 85 66
29 16 29
29 20 79
29 31 95
29 47 25
29 50 49
29 60 23
29 69 53
29 89 26
29 94 11
30 33 50
30 74 93
30 86 34
30 88 18
31 12 98
31 56 29
31 62 72
31 67 26
31 83 47
31 94 74
32 2 53
32 19 60
32 25 49
32 47 72
32 66 51
32 67 84
32 84 6
32 96 97
33 23 42
33 31 53
33 38 89
33 66 11
34 15 66
34 31 17
34 47 24
34 56 77
34 96 17
34 99 20
35 1 27
35 4 93
35 23 87
35 48 45
35 71 84
36 2 48
36 52 96
36 53 73
36 56 42
37 4 84
37 15 37
37 28 52
37 44 76
37 47 59
37 63 85
37 64 29
38 8 3
38 26 19
38 37 76
38 40 76
38 45 34
38 46 59
38 47 48
38 64 20
38 65 30
38 88 61
39 35 44
39 47 43
39 50 1
39 54 81
39 81 42
39 86 84
39 93 59
40 57 24
40 72 32
40 73 97
40 76 66
40 99 78
41 2 63
41 34 53
41 56 54
41 87 46
42 6 6
42 26 90
42 30 86
42 38 32
42 58 63
42 74 92
42 76 87
42 99 100
43 2 43
43 8 91
43 10 29
43 13 40
43 63 46
43 67 51
43 76 59
44 25 37
44 79 62
44 94 57
45 15 11
45 24 27
45 28 19
45 32 40
45 47 60
45 62 22
45 78 93
45 82 21
45 89 65
46 7 87
46 27 63
46 35 71
46 84 1
46 88 37
47 29 26
47 33 39
47 35 18
47 42 18
47 50 21
47 53 75
47 65 70
47 94 56
47 97 97
48 1 12
48 4 88
48 26 36
48 28 81
48 73 52
48 89 40
49 5 46
49 15 26
49 31 97
49 38 48
49 46 23
49 68 30
50 22 94
50 29 50
50 37 28
50 52 2
50 68 24
50 71 39
50 80 81
50 88 7
51 18 94
51 20 80
51 32 59
52 13 84
52 34 17
52 73 54
53 75 46
53 79 14
53 80 18
53 82 2
53 95 42
54 6 61
54 29 15
54 40 79
54 76 34
54 99 10
55 3 22
55 6 34
55 34 72
55 51 16
55 72 41
55 78 68
55 91 6
55 95 11
56 4 76
56 10 48
56 35 82
56 44 17
56 61 2
56 69 1
56 77 76
56 78 78
56 85 11
56 87 28
56 93 24
56 96 7
57 5 93
57 11 60
57 12 43
57 21 86
57 22 66
57 36 40
57 49 70
57 71 29
57 85 63
57 87 37
57 91 49
58 8 63
58 20 67
58 27 56
58 30 55
58 45 29
58 76 22
58 88 95
59 10 35
59 21 46
59 36 99
59 71 89
59 76 91
59 83 56
60 2 25
60 24 36
60 29 81
60 45 68
60 46 39
60 52 5
60 78 39
60 86 41
60 90 41
61 6 66
61 33 68
61 76 51
61 85 18
62 33 43
62 74 23
62 84 8
62 92 31
62 98 78
63 15 88
63 24 75
63 78 30
64 29 38
64 59 14
64 62 37
64 72 29
64 88 6
64 98 41
65 7 49
65 11 84
65 24 9
65 33 97
65 53 47
66 30 54
66 45 21
66 56 49
66 70 91
67 15 97
67 17 88
67 29 3
67 30 78
67 39 75
67 60 32
67 72 35
67 84 8
67 89 6
68 16 68
68 37 11
68 40 30
68 50 26
68 78 97
68 90 76
69 9 50
69 18 50
69 26 43
69 35 53
69 44 33
69 60 35
69 62 64
70 10 49
70 17 31
70 20 14
70 73 71
70 74 21
70 97 35
71 5 2
71 32 93
71 43 82
71 49 32
71 73 87
71 95 100
72 6 76
72 7 91
72 15 73
72 46 1
72 62 35
72 84 42
72 94 65
72 95 18
73 7 100
73 21 73
73 26 65
73 78 10
73 92 42
73 99 10
74 1 88
74 24 3
74 32 96
74 36 75
74 47 46
74 81 97
74 85 94
75 6 49
75 18 64
75 50 52
75 63 6
75 76 91
75 77 93
75 81 56
75 86 79
76 2 63
76 6 53
76 13 50
76 35 69
76 44 66
76 45 96
76 72 53
76 73 71
76 77 82
76 97 45
77 2 58
77 7 28
77 24 30
77 32 58
77 33 49
77 35 51
77 39 31
77 50 60
77 67 89
78 42 54
78 43 86
78 48 34
78 52 44
78 61 64
78 64 61
78 75 84
78 80 17
78 87 100
78 90 46
79 36 39
79 41 80
79 44 82
79 61 48
79 78 12
80 8 2
80 18 5
80 29 32
80 33 98
80 64 94
80 77 29
81 20 95
81 28 81
81 30 49
81 58 87
81 59 80
81 70 1
81 82 26
81 85 18
82 3 14
82 15 72
82 16 70
82 30 80
82 34 50
82 40 1
82 70 54
82 74 57
82 91 95
82 94 79
82 95 66
83 17 43
83 24 45
83 38 85
83 56 30
83 98 43
84 3 26
84 12 90
84 14 70
84 38 43
84 39 67
84 62 36
84 87 78
84 89 7
84 98 80
85 2 39
85 8 58
85 21 40
85 48 65
85 68 72
85 76 7
85 92 82
86 1 64
86 4 72
86 7 97
86 16 21
86 24 78
86 38 67
86 57 51
86 68 21
86 79 21
86 85 28
87 11 6
87 12 19
87 66 23
87 76 12
87 85 91
88 8 39
88 11 18
88 22 90
88 24 78
88 29 42
88 58 64
88 73 76
88 93 69
88 95 15
89 1 26
89 6 90
89 12 61
89 55 85
89 61 56
89 65 67
89 74 41
89 83 11
89 85 97
90 1 95
90 5 99
90 25 21
90 28 86
90 46 96
90 60 40
90 71 38
91 20 20
91 31 21
91 32 13
91 67 8
91 70 91
91 83 85
91 87 7
92 5 43
92 27 71
92 38 29
92 42 98
92 44 35
92 59 49
92 77 83
92 84 14
92 88 81
93 10 99
93 18 38
93 35 79
93 50 39
93 52 80
93 66 18
93 96 91
93 97 30
94 17 56
94 22 57
94 31 48
94 52 96
94 55 30
94 73 6
94 79 69
94 90 34
95 3 23
95 5 93
95 30 59
95 65 82
95 76 98
96 11 86
96 37 58
96 52 8
96 59 48
96 71 32
96 79 43
96 82 83
96 85 79
97 58 29
97 68 22
97 72 2
97 80 84
97 81 94
97 94 56
97 99 100
98 20 73
98 32 66
98 56 15
98 64 67
98 68 65
98 89 56
