100 685
0 5 48
0 13 77
0 25 81
0 31 30
0 37 95
0 42 63
0 87 34
0 95 24
1 20 10
1 43 21
1 52 82
1 65 92
2 10 39
2 20 93
2 23 8
2 27 35
2 39 25
2 67 34
2 70 67
2 71 58
2 72 78
2 77 28
2 85 7
2 86 36
2 99 47
3 5 45
3 26 56
3 36 34
3 72 13
3 90 7
3 95 77
4 29 29
4 41 12
4 49 58
5 3 100
5 15 1
5 22 27
5 24 10
5 46 3
5 76 6
5 80 1
5 86 12
5 94 47
6 2 88
6 36 14
6 40 32
6 79 49
6 90 51
7 10 24
7 22 65
7 48 18
7 54 92
7 68 4
7 73 15
8 3 24
8 13 41
8 18 30
8 50 39
8 56 18
8 58 87
8 62 77
8 64 77
8 90 12
8 98 2
9 3 27
9 22 97
9 30 24
9 73 94
9 78 19
9 89 52
9 92 25
10 11 32
10 17 32
10 31 47
10 35 53
10 42 20
10 47 40
10 50 96
10 54 66
10 56 3
10 57 81
10 66 70
10 69 91
10 73 49
10 91 93
10 93 43
11 8 83
11 26 98
11 29 57
11 31 60
11 34 10
11 58 26
11 77 48
11 79 45
11 86 79
12 13 32
12 44 19
12 52 83
12 67 90
12 74 15
12 79 71
12 84 18
12 90 10
13 54 11
13 60 39
13 70 44
13 76 24
13 79 1
14 2 2
14 4 83
14 11 79
14 37 56
14 38 71
14 60 7
14 82 9
14 86 33
15 8 100
15 10 76
15 22 26
15 26 40
15 27 53
15 45 12
15 66 36
15 70 59
15 91 24
16 13 62
16 25 46
16 31 67
16 35 34
16 60 28
16 67 63
16 80 89
16 81 97
16 93 73
16 99 21
17 4 34
17 6 16
17 10 72
17 22 31
17 31 61
17 33 90
17 38 1
17 39 75
17 46 35
17 59 67
17 66 9
17 74 25
17 86 31
17 94 78
18 11 39
18 20 73
18 40 31
18 87 34
19 6 68
19 10 59
19 16 26
19 28 49
19 48 65
19 64 45
19 81 72
20 4 66
20 12 62
20 15 58
20 24 27
20 35 85
20 46 50
20 52 5
20 57 57
20 58 37
20 63 19
20 67 39
20 69 73
20 78 23
20 88 17
20 90 65
21 4 56
21 20 57
21 30 61
21 54 46
22 3 48
22 17 64
22 30 60
22 32 63
22 56 36
22 61 13
22 63 69
22 74 66
22 87 95
23 41 56
23 55 22
23 60 87
23 95 70
23 98 63
24 9 14
24 21 27
24 31 67
24 39 37
24 63 63
24 67 50
24 73 43
24 74 39
25 26 7
25 27 85
25 31 53
25 38 22
25 40 29
25 67 75
25 81 7
25 85 96
25 88 55
26 34 19
26 45 31
26 48 33
26 49 52
26 72 41
26 81 38
27 6 94
27 9 16
27 58 77
27 75 98
27 77 5
27 83 88
27 98 75
28 30 32
28 37 99
28 45 29
28 48 17
28 54 77
28 64 100
28 67 98
28 91 36
29 12 50
29 13 65
29 18 100
29 33 94
29 44 18
29 45 35
29 52 49
29 72 81
29 89 74
29 96 19
30 21 4
30 39 93
30 77 74
30 85 57
30 97 16
30 99 31
31 17 39
31 25 28
31 60 78
31 77 82
31 89 6
31 90 4
31 91 25
32 16 75
32 26 20
32 27 15
32 40 63
32 49 72
32 62 10
32 63 50
32 97 79
33 10 69
33 15 97
33 51 89
33 55 92
33 76 3
33 90 91
34 30 68
34 31 65
34 50 91
35 5 76
35 6 99
35 13 63
35 19 66
35 43 37
35 44 14
35 60 3
35 75 13
36 19 65
36 34 27
36 35 3
36 49 48
36 60 4
36 61 4
36 70 59
36 98 47
37 10 83
37 14 47
37 29 41
37 50 70
37 75 39
37 87 6
37 93 13
38 7 15
38 27 31
38 71 74
38 85 7
38 88 22
38 92 60
38 95 13
39 10 68
39 30 44
39 63 50
39 70 2
39 75 27
40 15 95
40 65 67
40 66 71
40 95 65
41 9 77
41 15 39
41 23 99
41 30 67
41 43 66
41 47 3
41 73 4
41 90 92
42 51 27
42 70 67
42 71 100
42 92 4
42 93 61
43 7 1
43 11 23
43 19 59
43 22 65
44 21 40
44 45 46
44 56 45
44 98 88
45 22 82
45 57 68
45 73 12
45 85 33
46 40 7
46 77 74
46 84 66
46 89 82
47 5 7
47 10 60
47 28 69
47 30 71
47 35 45
47 37 19
47 61 93
47 71 69
48 10 65
48 11 91
48 16 49
48 44 56
48 51 88
48 56 46
48 78 54
48 91 39
49 14 81
49 34 65
49 41 51
49 78 24
49 82 96
50 6 35
50 16 61
50 39 50
50 45 54
50 60 76
50 63 13
50 64 30
51 2 76
51 23 99
51 30 19
51 33 69
51 48 26
51 49 41
51 55 36
51 58 86
51 67 32
51 83 37
51 84 25
52 11 80
52 18 29
52 22 10
52 48 64
52 75 100
52 83 84
52 93 74
52 99 17
53 23 76
53 24 42
53 34 69
53 36 47
53 37 18
53 38 34
53 52 34
53 60 1
53 71 44
53 83 65
53 92 68
54 12 31
54 18 88
54 43 72
54 48 4
54 65 21
54 81 26
54 84 62
54 88 6
54 92 77
55 14 100
55 19 96
55 20 93
55 56 88
55 63 33
55 69 70
55 79 63
55 81 22
55 82 9
56 27 86
56 55 67
56 61 100
56 86 61
57 2 71
57 12 17
57 49 33
57 79 65
57 82 8
57 99 84
58 1 67
58 18 66
58 28 71
58 62 12
58 67 62
58 70 35
58 72 26
58 80 42
58 98 62
59 1 72
59 5 34
59 6 83
59 23 71
59 24 36
59 29 6
59 53 16
59 68 86
59 70 22
60 17 73
60 20 71
60 25 15
60 58 83
60 74 81
60 76 64
60 78 73
60 92 82
61 5 35
61 9 53
61 18 80
61 29 7
61 42 18
61 52 98
61 67 51
61 68 3
61 71 31
61 84 61
61 95 93
62 4 10
62 24 45
62 26 64
62 32 56
62 66 83
62 91 2
63 19 35
63 22 53
63 28 82
63 32 53
63 53 55
63 71 75
64 10 38
64 24 52
64 90 22
65 1 40
65 28 11
66 62 90
66 81 67
66 91 57
66 95 88
67 23 3
67 95 28
68 5 40
68 21 95
68 28 32
68 48 58
68 52 34
68 57 24
68 62 3
68 66 18
68 90 8
69 2 35
69 3 2
69 21 38
69 76 51
69 82 25
69 92 24
70 9 70
70 13 91
70 46 13
70 53 18
70 64 76
71 13 54
71 14 28
71 37 81
71 49 1
71 55 37
71 72 99
71 81 29
71 92 8
72 7 92
72 15 67
72 19 34
72 24 91
72 28 89
72 65 2
72 77 7
72 99 35
73 2 23
73 8 22
73 14 87
73 17 34
73 21 67
73 23 36
73 28 16
73 40 79
73 44 11
73 90 56
74 16 18
74 18 80
74 24 84
74 33 36
74 62 78
74 86 98
74 95 89
75 1 42
75 48 43
75 87 24
76 4 72
76 7 55
76 48 10
76 61 47
76 72 96
76 73 33
77 24 14
77 51 45
77 97 40
78 25 7
78 35 33
78 47 23
78 62 10
78 82 76
78 99 33
79 5 17
79 39 73
79 41 63
79 59 6
80 4 56
80 22 24
80 27 5
80 46 87
80 55 14
80 66 12
80 87 45
80 95 36
81 11 38
81 16 3
81 19 97
81 21 88
81 33 25
81 41 84
81 86 100
81 99 16
82 10 46
82 19 51
82 31 4
82 46 63
82 52 28
82 57 39
82 64 13
83 8 18
83 13 65
83 35 46
83 39 69
83 78 92
83 95 83
84 18 23
84 33 25
84 37 6
84 38 59
84 71 29
84 80 63
85 9 99
85 31 13
85 33 86
85 43 58
85 47 56
85 49 70
85 62 6
85 63 44
85 66 23
85 80 61
85 96 90
86 12 67
86 35 54
86 50 79
86 63 26
86 67 71
86 75 43
86 98 10
87 13 37
87 75 47
88 2 49
88 21 100
88 28 16
88 44 31
88 52 99
88 60 95
88 74 49
88 92 20
89 3 19
89 20 70
89 22 99
89 29 77
89 40 15
89 73 22
89 94 30
90 4 80
90 30 12
90 31 91
90 56 39
90 59 37
90 71 84
90 74 47
90 93 78
90 99 47
91 4 16
91 38 96
91 49 73
91 70 88
91 83 11
91 93 72
91 99 72
92 26 65
92 34 59
92 49 65
92 70 26
93 7 78
93 20 37
93 23 25
93 26 28
93 65 10
93 75 58
93 97 80
94 56 28
95 22 55
95 26 59
95 42 67
95 54 52
96 3 61
96 16 76
96 33 23
96 58 65
96 59 31
96 98 56
96 99 9
97 3 4
97 4 88
97 8 41
97 43 51
97 49 8
97 53 58
97 75 55
97 80 70
98 12 36
98 44 58
98 52 17
98 58 68
98 62 32
98 65 40
98 72 98
98 97 80
