100 681
0 7 26
0 19 84
0 32 47
0 45 55
0 52 3
0 53 84
0 66 3
0 69 85
0 74 68
0 83 77
1 30 71
1 61 20
1 72 77
1 73 48
1 74 31
1 79 22
1 82 28
1 94 24
2 3 100
2 18 19
2 26 2
2 53 51
2 80 75
3 19 90
3 43 17
3 70 8
3 88 7
3 91 56
3 98 44
4 1 26
4 9 54
4 16 56
4 35 12
4 36 11
4 47 54
4 58 39
4 66 56
4 68 28
5 16 33
5 27 71
5 45 48
5 49 99
5 56 21
5 67 37
5 74 75
6 5 23
6 15 63
6 19 68
6 20 73
6 47 62
6 74 36
7 15 45
7 44 87
7 63 49
7 68 58
7 79 31
7 81 99
7 84 39
7 88 30
7 91 3
7 93 4
7 98 62
8 16 20
8 18 87
8 47 28
8 53 70
8 62 2
8 79 66
8 80 40
8 95 11
8 99 39
9 12 31
9 30 32
9 54 16
9 61 78
9 68 56
9 73 34
9 80 31
9 82 50
9 84 75
10 9 73
10 17 3
10 24 77
10 50 47
10 51 88
10 56 71
10 68 70
10 70 42
10 72 19
10 78 54
10 97 93
11 2 77
11 12 19
11 17 59
11 26 34
11 28 39
11 41 9
11 55 31
11 60 44
11 69 29
11 87 29
11 98 21
12 8 56
12 9 40
12 74 31
12 76 12
12 85 40
13 15 1
13 48 6
13 56 90
13 57 62
13 60 3
13 72 95
14 24 79
14 34 79
14 36 85
14 50 48
14 57 27
14 58 95
14 84 99
15 18 58
15 19 100
15 20 88
15 21 95
15 25 54
15 39 29
15 69 47
15 92 46
16 5 44
16 22 63
16 54 70
16 84 63
16 90 38
17 4 33
17 31 24
17 37 46
17 57 9
17 59 11
17 71 38
17 80 46
17 96 59
18 4 67
18 22 50
18 47 44
18 48 82
18 73 88
18 78 57
18 87 99
19 10 18
19 25 91
19 31 91
19 51 1
19 56 12
19 64 65
19 74 22
19 99 62
20 6 93
20 25 36
20 26 48
20 67 24
20 75 32
20 78 22
20 96 26
21 5 58
21 17 14
21 49 5
21 53 48
21 58 57
21 87 30
21 92 23
22 18 8
22 32 100
22 80 88
22 87 39
22 96 96
22 97 21
22 98 53
23 39 43
23 67 23
23 98 36
23 99 93
24 22 49
24 32 3
24 36 81
24 63 50
24 75 31
24 79 44
24 96 72
25 4 77
25 35 85
25 47 87
25 53 99
25 56 25
25 68 33
25 93 8
26 22 25
26 41 19
26 47 9
26 51 91
26 67 57
26 74 78
26 83 68
26 99 90
27 2 9
27 26 3
27 29 24
27 64 33
27 76 96
27 94 24
28 30 83
28 59 36
29 3 8
29 25 92
29 26 76
29 36 47
29 55 17
29 73 3
30 5 26
30 54 91
30 55 4
30 83 36
31 3 86
31 27 70
31 40 85
31 64 88
31 65 99
32 9 46
32 17 51
32 22 77
32 31 61
32 43 19
32 54 79
32 75 62
32 93 53
32 99 51
33 2 65
33 15 17
33 20 26
33 25 58
33 43 99
33 98 99
34 13 89
34 15 17
34 29 83
34 31 2
34 38 92
34 51 35
34 56 37
34 72 44
34 78 8
34 84 70
34 88 70
34 95 99
35 5 22
35 8 89
35 18 73
35 36 14
35 50 76
35 63 4
35 85 81
36 12 50
36 25 14
36 27 62
36 32 88
36 46 51
36 70 11
36 71 66
36 83 43
36 87 17
36 97 100
37 3 16
37 30 24
37 48 18
37 78 20
38 66 67
38 81 79
38 91 35
39 4 8
39 45 21
39 47 16
39 51 41
39 57 5
39 76 3
39 83 4
39 95 24
39 98 79
40 36 85
40 57 86
40 60 96
40 67 17
40 94 27
40 96 29
41 3 73
41 66 55
41 71 31
41 91 70
42 8 95
42 18 10
42 26 51
42 29 50
42 45 18
42 94 34
42 96 14
43 15 37
43 22 2
43 37 19
43 77 5
43 81 18
43 96 23
43 99 53
44 15 16
44 17 83
44 43 11
44 87 13
44 89 46
45 3 36
45 5 32
45 18 82
45 46 8
45 47 43
45 63 31
45 64 67
45 74 90
45 77 73
46 17 58
46 29 37
46 30 94
46 43 36
46 87 25
47 2 99
47 13 31
47 23 74
47 39 1
47 62 78
47 80 91
47 98 12
48 31 60
48 36 87
48 73 86
48 75 46
48 77 99
48 81 22
48 92 20
49 26 67
49 33 87
49 35 59
49 45 70
49 84 4
49 92 96
50 11 4
50 23 6
50 29 36
50 35 50
50 40 8
50 56 14
50 67 49
50 98 16
51 1 17
51 9 15
51 14 41
51 33 80
51 39 66
51 49 15
51 61 43
51 84 21
51 85 63
52 16 98
52 25 50
52 48 53
52 58 92
52 59 24
52 80 82
53 8 91
53 20 81
53 26 63
53 44 39
53 82 80
54 3 36
54 9 48
54 19 89
54 20 72
54 62 38
54 65 28
54 70 77
54 81 80
54 84 24
54 88 1
55 22 81
55 25 23
55 84 1
55 87 98
55 88 85
56 14 24
56 22 13
56 36 22
56 48 91
56 61 7
56 64 51
56 80 71
56 90 17
57 15 46
57 19 89
57 28 71
57 60 99
57 74 69
57 95 3
58 16 74
58 78 60
58 94 63
59 9 25
59 47 97
59 50 45
59 58 19
59 93 77
60 1 41
60 53 31
60 54 53
60 56 77
60 84 5
60 89 95
60 99 50
61 5 48
61 10 86
61 13 100
61 20 27
61 77 96
61 80 7
61 81 84
61 91 10
62 54 80
62 55 4
62 71 51
62 73 64
62 92 62
63 8 51
63 21 54
63 39 39
63 41 22
63 74 45
63 77 91
64 10 84
64 18 18
64 20 88
64 21 61
64 25 99
64 49 13
64 62 54
64 79 81
65 19 59
65 36 19
65 39 5
65 57 59
65 62 53
65 84 63
66 8 97
66 19 17
66 21 100
66 79 93
67 3 77
67 10 49
67 41 100
67 70 63
67 77 67
67 80 75
67 81 11
67 86 62
67 94 98
68 12 68
68 14 47
68 57 8
68 71 42
68 77 55
68 85 56
68 91 93
69 22 58
69 67 2
70 2 32
70 5 61
70 16 61
70 26 39
70 48 76
70 60 56
70 68 75
70 92 34
71 4 59
71 10 75
71 51 31
71 60 53
71 63 22
71 86 23
71 90 44
71 95 65
72 31 22
72 36 64
72 38 53
72 46 76
72 58 40
72 69 28
72 77 59
72 84 95
72 90 55
72 91 44
72 93 36
72 97 58
73 24 48
73 44 44
73 47 82
73 49 77
73 64 32
73 93 50
73 97 5
74 10 30
74 30 33
74 40 7
74 54 27
74 66 24
74 67 40
74 98 57
75 23 46
75 33 81
75 48 57
75 63 45
75 65 78
75 72 79
76 41 59
76 71 99
76 91 34
76 92 66
77 15 64
77 21 95
77 26 73
77 28 82
77 35 87
77 43 23
77 90 84
78 4 97
78 9 6
78 37 50
78 46 68
78 61 33
78 89 6
78 98 54
78 99 16
79 15 100
79 25 22
79 45 27
79 48 48
79 49 37
79 62 39
80 10 28
80 26 58
80 54 38
80 73 57
80 85 39
81 3 6
81 13 10
81 74 54
81 80 100
81 99 47
82 9 87
82 24 29
82 40 21
82 42 76
82 71 71
82 77 44
82 80 33
82 95 88
83 3 20
83 32 25
83 50 36
83 60 86
83 85 59
83 87 30
83 96 21
84 4 17
84 34 86
84 79 9
85 8 88
85 9 74
85 34 71
85 39 97
85 41 60
85 46 61
85 47 9
85 60 15
85 66 50
85 68 87
85 86 32
86 12 26
86 41 65
86 50 65
86 54 3
86 70 34
87 13 91
87 56 47
87 61 89
87 81 75
87 83 96
87 98 55
88 11 90
88 24 24
88 41 44
88 47 95
88 68 38
88 69 81
88 79 87
88 86 50
89 9 81
89 27 16
89 82 100
89 83 9
89 94 66
90 2 83
90 16 36
90 21 87
90 22 87
90 54 96
90 71 73
90 89 75
90 92 44
90 93 22
91 8 3
91 45 40
91 48 2
91 52 91
91 67 60
91 75 13
91 83 89
91 86 28
91 98 82
92 1 49
92 32 58
92 37 100
92 40 91
92 51 38
92 60 72
93 20 20
93 21 48
93 45 45
93 46 13
93 74 16
93 82 56
93 92 47
94 30 68
94 33 16
94 40 47
94 42 27
94 50 21
94 52 40
94 53 5
94 99 94
95 19 77
95 20 85
95 46 4
95 50 77
95 58 48
95 59 1
95 63 49
95 83 28
95 84 60
95 90 24
96 11 7
96 14 26
96 17 98
96 18 71
96 46 86
96 65 98
96 68 21
97 1 72
97 49 67
97 52 26
97 70 10
97 72 72
97 81 86
98 25 68
98 38 12
98 59 72
98 72 41
98 78 8
98 83 90
98 94 65
