100 691
0 14 88
0 20 62
0 22 37
0 31 41
0 35 92
0 48 65
0 78 79
0 86 6
1 9 46
1 15 88
1 27 46
1 64 88
1 73 57
2 20 6
2 32 81
2 34 93
2 41 71
2 49 28
2 50 93
2 52 11
2 72 96
3 1 9
3 11 21
3 46 5
3 66 26
3 68 66
3 72 47
4 6 5
4 8 22
4 15 49
4 23 70
4 29 96
4 31 50
4 46 97
4 95 39
5 34 39
5 35 63
5 57 77
5 92 59
6 26 86
6 28 42
6 29 23
6 30 17
6 36 50
6 44 10
6 65 100
7 29 79
7 55 26
7 60 4
7 69 24
7 81 71
7 82 76
7 90 79
8 17 29
8 21 44
8 23 94
8 52 61
8 70 93
8 78 82
8 84 13
9 10 83
9 13 81
9 22 87
9 33 85
9 43 17
9 57 51
9 99 93
10 1 93
10 40 9
10 64 7
10 65 3
10 82 22
11 1 17
11 13 40
11 15 82
11 19 46
11 25 83
11 27 82
11 45 41
11 57 8
11 66 82
11 71 5
11 77 14
11 82 30
11 88 49
12 1 69
12 23 81
12 31 24
12 44 78
12 66 94
12 68 62
12 79 97
12 84 47
12 86 33
12 89 73
13 4 61
13 14 71
13 16 51
13 26 79
13 30 69
13 38 100
13 52 21
13 61 6
13 69 69
13 78 46
13 87 80
13 90 97
14 20 61
14 63 13
14 64 17
14 80 81
14 91 55
14 96 37
15 2 58
15 6 56
15 38 87
15 43 24
15 47 24
15 50 40
15 94 38
16 8 8
16 23 12
16 29 39
16 39 4
16 58 4
16 66 61
16 86 36
17 1 51
17 5 83
17 27 58
17 33 24
17 83 15
17 84 59
17 94 79
18 33 75
18 39 66
18 49 86
18 51 77
18 54 54
18 55 68
18 56 66
18 58 57
18 68 62
18 69 76
18 91 88
19 22 5
19 24 68
19 38 28
19 43 8
19 45 20
19 47 100
19 67 22
19 70 8
19 91 74
20 6 87
20 9 14
20 12 72
20 27 29
20 33 39
20 42 70
20 53 50
20 55 31
20 87 29
20 98 26
21 41 95
21 45 23
21 48 91
21 58 20
21 74 84
21 85 86
21 89 61
22 31 29
22 62 30
22 67 6
22 79 70
22 81 41
22 83 35
22 87 98
22 91 89
23 30 38
23 40 46
23 41 31
23 45 29
23 55 93
23 70 89
23 98 11
24 1 29
24 16 10
24 18 39
24 31 64
24 33 99
24 39 54
24 89 13
25 14 57
25 17 63
25 29 91
25 33 81
25 46 9
25 71 16
25 79 62
25 95 41
26 4 4
26 21 88
26 32 22
26 35 20
26 44 78
26 89 13
26 90 54
26 95 80
27 10 48
27 34 87
27 57 54
27 82 13
28 13 77
28 15 56
28 16 52
28 21 77
28 30 44
28 37 94
28 47 2
28 82 80
28 85 11
28 93 93
28 97 80
29 1 13
29 5 80
29 22 90
29 24 36
29 25 13
29 39 64
29 52 29
29 59 11
29 75 67
29 83 54
29 86 45
29 96 63
30 81 1
30 89 100
30 92 48
31 25 70
31 26 51
31 38 86
31 49 100
32 30 99
32 33 86
32 37 77
32 66 11
32 74 57
33 11 99
33 14 96
33 18 52
33 20 31
33 47 19
33 49 68
33 84 72
33 89 84
34 31 1
34 56 60
34 72 18
34 77 60
34 92 80
35 17 3
35 29 62
35 48 63
35 57 23
35 72 58
35 77 72
35 81 16
35 83 74
36 19 84
36 23 71
36 26 35
36 67 69
36 68 42
37 16 9
37 21 52
37 58 95
37 79 30
37 91 77
37 94 45
38 7 34
38 26 91
38 28 65
38 32 20
38 52 6
38 53 33
38 54 12
38 62 54
39 28 68
39 36 59
39 37 88
39 38 73
39 61 12
39 65 8
39 67 86
39 87 64
39 89 84
40 2 44
40 37 12
40 56 2
40 91 59
40 95 67
40 96 95
41 5 33
41 13 82
41 24 27
41 30 42
41 35 40
41 59 30
41 63 1
42 1 1
42 12 54
42 74 99
42 90 56
43 3 92
43 26 99
43 42 19
43 45 37
43 47 51
43 61 32
43 80 72
43 92 23
44 17 27
44 31 34
44 38 45
44 41 61
44 59 31
45 24 1
45 32 47
45 35 45
45 39 80
45 57 91
45 60 59
45 95 63
46 7 36
46 19 40
46 52 43
46 60 69
46 92 7
46 99 82
47 9 12
47 21 35
47 51 88
47 64 60
48 19 56
48 65 12
48 82 90
48 95 5
49 14 91
49 74 30
49 78 74
49 84 19
49 85 5
49 97 35
50 3 29
50 21 8
50 76 53
51 13 74
51 18 7
51 35 61
51 43 39
51 44 96
51 46 73
51 60 25
51 62 75
51 92 86
51 97 50
52 36 98
52 40 4
52 64 9
52 85 26
52 88 59
53 18 7
53 33 67
53 42 89
54 10 4
54 26 53
54 28 36
54 38 66
54 42 33
54 47 76
54 75 54
54 91 34
55 3 74
55 4 82
55 47 19
55 60 40
55 66 16
55 69 2
55 75 5
56 36 62
56 40 23
56 69 33
56 86 86
56 95 16
57 3 18
57 18 43
57 31 86
57 73 33
57 79 53
57 90 95
58 1 30
58 2 83
58 28 96
58 81 71
58 90 44
58 99 96
59 28 9
59 38 99
59 44 80
59 58 83
59 60 42
59 73 59
59 78 82
59 85 82
59 94 26
59 97 57
60 2 35
60 6 62
60 14 100
60 30 100
60 57 48
60 70 82
60 82 19
61 21 53
61 42 58
61 49 12
61 52 87
61 93 75
61 95 79
62 38 69
62 89 14
62 99 51
63 42 69
63 43 84
63 47 40
63 57 35
63 69 77
63 73 53
64 12 11
64 20 61
64 26 50
64 44 42
65 23 1
65 28 34
65 33 77
65 54 91
65 62 73
66 7 47
66 14 79
66 15 71
66 30 91
66 51 99
66 55 27
66 59 72
67 1 14
67 10 43
67 11 66
67 17 45
67 20 28
67 23 6
67 32 99
67 37 36
67 53 29
67 56 94
67 65 8
67 70 54
67 74 52
67 76 99
68 21 100
68 56 79
68 62 57
68 64 56
68 94 30
69 3 77
69 24 15
69 42 14
69 94 73
70 16 89
70 18 39
70 27 61
70 30 84
70 38 40
70 41 60
70 77 19
70 82 95
71 7 7
71 16 65
71 36 58
71 48 63
71 56 58
71 73 67
71 75 52
71 80 83
72 19 79
72 35 40
72 41 43
72 61 34
72 64 99
72 66 33
72 94 49
73 4 10
73 5 33
73 14 97
73 53 14
73 57 90
73 66 96
73 68 15
73 94 9
73 99 24
74 11 26
74 54 73
74 63 1
74 81 44
74 85 42
74 90 95
75 3 21
75 6 6
75 48 38
75 55 82
75 56 6
75 79 74
75 80 22
75 81 71
76 19 53
76 33 72
76 35 62
76 39 97
76 47 83
76 50 27
76 62 85
76 82 13
77 1 56
77 3 74
77 10 53
77 19 90
77 21 60
77 38 8
77 52 54
77 57 45
77 59 9
77 73 15
77 85 87
78 2 55
78 19 31
78 23 43
78 40 49
78 52 13
78 62 18
78 67 52
78 81 31
79 18 88
79 28 90
79 78 34
79 87 18
80 45 39
80 74 45
80 78 57
80 90 4
81 32 81
81 35 60
81 75 72
81 84 35
81 89 54
81 96 17
81 98 23
82 12 17
82 26 80
82 39 64
82 66 22
82 67 18
82 71 78
82 78 36
82 86 21
83 2 55
83 16 14
83 24 13
83 34 26
83 46 97
83 55 59
84 35 6
84 39 78
84 40 65
84 42 74
84 63 55
84 69 84
84 70 91
84 74 78
84 85 21
85 3 81
85 9 82
85 31 54
85 46 35
85 61 30
85 67 38
85 84 14
85 90 49
86 11 52
86 29 41
86 94 90
87 27 5
87 31 49
87 34 43
87 38 14
87 41 58
87 77 70
87 78 15
87 83 32
87 93 21
87 96 47
87 98 51
88 9 96
88 11 95
88 17 40
88 54 59
88 79 42
88 84 89
88 85 69
88 99 78
89 7 48
89 52 40
89 98 69
89 99 11
90 5 18
90 12 16
90 21 73
90 32 27
90 47 58
90 50 99
90 95 45
90 97 65
91 24 64
91 26 43
91 37 56
91 61 65
91 72 92
92 13 83
92 14 59
92 23 86
92 26 86
92 35 10
92 60 72
92 78 10
92 84 99
92 96 63
93 9 27
93 14 81
93 37 87
93 40 91
93 43 53
93 74 11
93 75 4
93 85 52
94 12 34
94 15 1
94 16 52
94 42 68
94 43 44
94 50 89
95 8 9
95 18 78
95 38 28
95 40 87
95 63 39
95 69 47
95 97 67
96 2 64
96 26 34
96 30 2
96 38 38
96 39 4
96 58 82
96 62 30
96 71 93
96 89 96
96 90 26
97 3 82
97 14 24
97 19 67
97 21 21
97 38 55
97 42 49
97 44 28
97 60 9
97 71 66
97 72 59
98 6 48
98 16 64
98 37 87
98 91 71
98 99 98
