100 684
0 20 88
0 25 43
0 36 54
0 46 41
0 56 85
0 57 69
0 59 14
0 68 93
0 72 54
0 83 89
1 49 100
1 54 47
1 70 98
1 87 44
1 88 73
2 6 2
2 24 66
2 34 70
2 44 100
2 45 82
2 52 28
2 64 29
2 74 27
2 87 6
2 94 61
3 7 80
3 28 62
3 50 90
3 94 89
4 10 99
4 21 69
4 35 27
4 36 16
4 52 27
4 65 62
4 85 12
4 95 84
5 27 17
5 39 39
5 46 68
5 67 60
5 69 15
5 75 2
6 25 91
6 26 47
6 34 60
6 63 81
6 82 44
6 93 72
7 9 75
7 11 51
7 25 43
7 33 66
7 34 14
7 37 50
7 85 44
7 87 57
8 1 53
8 3 75
8 35 24
8 42 67
8 58 89
8 70 17
8 73 49
9 7 44
9 12 10
9 27 81
9 39 24
9 49 2
9 74 62
9 75 3
9 84 31
9 99 50
10 3 7
10 33 39
10 74 36
10 84 37
11 16 96
11 35 55
11 68 92
11 76 82
11 87 85
11 90 24
12 1 74
12 60 95
12 65 74
12 70 76
12 72 81
12 74 21
12 90 31
13 26 96
13 29 24
13 37 42
13 41 34
13 43 15
13 70 75
13 82 32
13 94 63
14 17 24
14 30 41
14 48 22
14 49 39
14 71 89
14 73 16
14 85 62
14 92 82
14 99 22
15 11 80
15 19 94
15 21 54
15 47 76
15 54 54
15 64 62
15 83 60
15 84 49
16 27 39
16 33 2
16 43 43
16 45 61
16 70 18
16 78 11
17 29 99
17 81 62
18 9 37
18 33 81
18 37 64
18 49 66
18 54 30
18 58 17
18 59 78
18 97 7
19 13 40
19 21 87
19 25 87
19 30 6
19 54 48
19 57 28
19 71 42
19 87 39
20 5 88
20 11 43
20 60 74
20 63 93
20 66 8
20 69 46
20 74 4
20 91 100
20 92 64
20 96 57
21 2 78
21 10 29
21 46 15
21 56 8
21 71 13
21 86 84
21 90 69
22 11 86
22 12 57
22 20 21
22 46 70
22 51 97
22 65 37
22 74 57
23 56 92
23 58 87
23 68 97
23 75 88
23 77 99
23 92 63
23 99 82
24 2 57
24 11 86
24 37 78
24 38 12
24 42 54
24 43 24
24 46 14
24 52 30
24 59 94
24 75 94
24 77 10
24 81 56
24 86 2
24 89 69
25 17 46
25 59 55
25 63 95
25 93 95
26 14 89
26 16 62
26 42 54
26 47 71
26 51 86
26 57 43
26 60 65
26 92 17
27 4 24
27 30 44
27 45 97
27 54 80
27 57 68
27 61 90
27 64 20
27 69 61
28 24 23
28 34 99
28 40 45
28 45 62
28 61 22
28 66 73
28 71 23
28 93 52
29 43 81
29 77 28
30 5 71
30 28 47
30 33 48
30 49 68
30 58 34
30 73 87
30 77 86
30 84 42
30 88 11
30 99 65
31 11 84
31 16 54
31 73 91
31 87 47
32 4 16
32 46 19
32 49 37
32 76 95
32 81 39
32 84 74
33 59 77
33 61 3
33 98 38
34 6 74
34 16 99
34 17 97
34 22 85
34 48 29
34 56 20
34 59 79
34 64 18
34 84 31
34 96 24
34 98 15
35 26 49
35 28 4
35 34 71
35 46 82
35 73 89
36 17 27
36 28 99
36 59 65
36 86 44
37 4 80
37 14 78
37 56 73
37 80 83
37 81 10
37 97 93
38 8 32
38 23 50
38 55 26
38 66 92
38 73 7
38 93 65
39 2 96
39 23 62
39 35 66
39 43 36
39 60 30
39 64 60
39 71 82
39 76 71
40 72 89
40 81 100
40 86 17
40 88 80
41 6 95
41 18 44
41 63 74
41 73 42
41 76 69
41 77 77
41 79 46
41 80 97
42 17 71
42 19 56
42 21 38
42 23 26
42 37 28
42 51 3
42 69 30
42 73 62
43 2 69
43 3 26
43 11 25
43 14 84
43 27 44
43 36 72
43 38 33
43 50 15
43 57 13
43 65 40
43 68 10
43 91 2
44 21 95
44 23 13
44 28 33
44 46 37
44 49 32
44 72 54
44 77 64
44 84 46
44 92 5
45 8 4
45 41 63
45 69 22
46 10 5
46 31 68
46 49 9
46 51 97
46 71 5
46 73 54
46 84 64
46 88 85
46 89 25
47 12 21
47 21 48
47 22 82
47 38 30
47 44 14
47 52 73
47 65 73
47 66 46
47 71 66
47 86 87
47 90 32
47 98 41
48 5 81
48 13 40
48 25 89
48 29 42
48 43 49
48 65 6
48 67 86
48 97 97
49 15 8
49 16 47
49 23 28
49 24 55
49 33 49
49 41 21
49 92 52
49 94 70
50 3 75
50 17 34
50 19 26
50 21 78
50 23 23
50 31 70
50 73 62
51 28 43
51 29 65
51 31 25
51 56 77
51 65 13
51 70 100
51 79 75
52 36 77
52 53 51
52 66 80
52 69 12
52 92 11
52 99 2
53 22 31
53 24 28
53 34 60
53 58 36
53 60 89
53 67 22
53 72 16
53 91 83
54 9 73
54 21 25
54 33 16
54 35 53
54 38 43
54 63 44
54 83 55
55 5 90
55 34 88
55 48 100
55 53 15
55 65 64
55 83 94
56 3 63
56 5 35
56 7 83
56 11 71
56 33 3
56 36 13
56 37 30
56 42 25
56 44 24
56 49 9
56 85 44
57 4 4
57 20 31
57 24 4
57 58 68
57 60 97
57 74 41
58 11 87
58 28 37
58 61 8
58 66 33
58 71 42
58 79 72
58 85 65
59 11 53
59 23 94
59 46 50
59 50 35
59 73 80
59 91 60
60 20 84
60 32 98
60 39 88
60 49 66
60 77 9
60 78 26
60 79 87
60 94 78
60 98 72
61 8 55
61 27 22
61 43 43
61 71 20
61 86 99
61 93 60
61 98 78
62 2 78
62 5 55
62 6 16
62 11 45
62 20 73
62 40 79
62 42 42
62 60 36
62 79 34
62 82 41
63 19 18
63 34 35
63 49 41
63 54 8
64 20 65
64 22 45
64 25 87
64 37 62
64 72 100
64 79 21
64 93 18
64 98 46
65 10 76
65 20 80
65 21 100
65 43 24
65 63 99
65 64 61
65 78 22
65 86 32
66 1 82
66 3 70
66 21 48
66 55 45
66 67 7
66 70 67
66 80 23
66 90 4
66 91 21
66 95 17
67 59 61
67 60 38
67 68 32
68 2 33
68 34 82
68 56 76
68 92 71
69 13 73
69 25 37
69 29 78
69 34 21
69 89 72
69 94 82
70 22 49
70 24 24
70 40 96
70 55 46
70 56 61
70 80 77
70 91 87
71 57 59
71 62 1
71 66 74
71 84 76
72 10 27
72 57 14
72 58 36
72 73 40
73 27 48
73 52 49
73 67 90
73 71 4
74 34 16
74 38 58
74 53 3
75 13 94
75 17 76
75 31 58
75 37 1
75 47 20
75 50 27
75 56 97
75 60 24
75 61 41
75 84 9
75 86 23
75 94 6
76 1 42
76 16 93
76 36 4
76 51 93
76 62 15
76 69 97
76 70 72
76 92 19
77 24 59
77 25 55
77 27 60
77 55 6
77 56 4
77 61 58
77 69 4
78 58 67
78 73 47
78 86 6
78 96 94
79 27 82
79 38 71
79 39 69
79 40 41
79 56 65
80 2 100
80 3 98
80 47 6
80 53 38
80 57 53
80 66 82
80 70 82
80 88 27
80 98 17
81 6 57
81 7 24
81 12 98
81 14 45
81 28 29
81 29 30
81 38 6
81 42 88
81 44 1
81 49 92
81 62 97
81 92 60
82 7 49
82 14 51
82 30 78
82 38 77
82 49 11
82 53 25
82 83 97
82 96 52
83 7 92
83 13 72
83 17 86
83 29 23
83 41 92
83 58 19
83 62 42
83 80 16
83 84 11
83 90 69
84 7 32
84 11 29
84 24 36
84 26 86
84 64 29
84 65 91
84 70 19
84 71 65
84 85 87
85 15 96
85 20 12
85 27 94
85 50 39
85 53 37
85 97 71
86 10 74
86 14 98
86 25 16
86 27 56
86 40 84
86 46 69
86 55 40
86 64 29
87 3 29
87 7 62
87 10 19
87 12 3
87 21 3
87 41 81
87 66 49
87 68 53
87 82 52
87 86 32
87 88 10
88 31 33
88 40 26
88 45 80
88 48 2
88 53 48
88 54 84
88 77 34
88 91 6
89 1 1
89 10 11
89 17 38
89 28 68
89 34 27
90 25 72
90 58 63
90 62 100
90 76 18
91 18 14
91 52 29
91 82 15
91 96 39
92 23 24
92 74 47
92 86 44
92 94 72
93 8 54
93 12 55
93 20 89
93 35 32
93 37 63
93 70 51
93 75 61
93 77 70
94 12 57
94 38 40
94 44 27
94 45 13
94 53 15
94 63 49
94 89 99
95 31 12
95 55 69
95 72 47
96 6 10
96 21 15
96 44 78
96 54 71
97 22 42
97 27 89
97 32 66
97 38 30
97 62 77
97 81 80
98 49 44
98 99 48
