100 688
0 9 73
0 23 51
0 45 69
0 64 95
0 77 12
0 84 75
1 58 51
1 84 52
1 95 94
1 96 94
2 21 29
2 43 57
2 61 43
2 63 69
2 64 53
2 84 85
2 89 7
2 92 80
3 2 16
3 7 11
3 12 15
3 43 95
3 51 57
3 57 11
4 25 15
4 50 78
4 64 84
4 65 88
4 68 76
4 93 62
5 7 77
5 16 96
5 27 82
5 79 87
5 88 74
5 95 29
6 23 21
6 38 42
6 54 68
6 83 32
6 89 57
6 92 14
7 12 12
7 33 37
7 35 28
7 38 14
7 41 30
7 50 95
7 51 89
7 59 18
7 65 80
7 74 7
7 76 53
7 79 13
7 84 56
8 2 6
8 15 48
8 38 26
8 42 9
8 63 5
8 70 71
8 78 35
9 42 29
9 43 57
9 54 94
9 75 84
9 90 94
9 92 66
10 4 44
10 33 29
10 41 81
10 82 90
10 84 28
11 10 17
11 19 88
11 33 28
11 40 65
11 46 35
11 77 7
11 79 96
11 85 91
11 89 72
11 97 95
12 4 6
12 92 28
13 3 86
13 7 62
13 48 21
13 55 17
13 74 80
13 86 6
13 91 3
13 98 85
14 41 61
14 45 10
14 48 48
14 53 8
14 64 12
14 68 30
15 25 15
15 67 52
15 92 92
16 5 93
16 37 46
16 47 12
16 57 56
16 58 15
16 63 89
16 78 37
17 22 47
17 43 93
17 78 50
17 87 40
18 4 22
18 11 50
18 86 93
19 14 40
19 16 43
19 21 46
19 52 12
19 65 87
19 73 44
19 88 11
20 16 49
20 18 91
20 37 61
20 44 18
20 65 51
20 78 99
20 81 68
21 5 73
21 16 99
21 25 18
21 58 42
21 61 18
21 96 43
22 77 19
22 95 66
22 96 5
22 99 85
23 12 11
23 17 94
23 20 99
23 30 3
23 41 21
23 57 50
23 79 80
23 83 8
24 13 2
24 31 53
24 36 16
24 38 48
24 66 23
24 79 2
24 81 99
24 89 99
24 93 46
24 96 76
25 9 29
25 37 70
25 46 5
25 52 51
25 67 47
25 77 100
26 2 77
26 15 35
26 24 85
26 25 90
26 37 59
26 43 90
26 46 28
26 58 16
26 89 35
26 98 63
27 15 11
27 39 49
27 65 89
27 66 80
27 74 55
27 91 7
28 35 50
28 44 29
28 56 59
28 87 21
28 94 58
29 18 95
29 19 93
29 23 92
29 24 69
29 52 15
29 61 84
29 73 72
29 75 84
30 13 8
30 23 74
30 26 90
30 71 44
30 78 94
30 92 57
31 8 92
31 12 83
31 27 11
31 30 13
31 36 25
31 46 98
31 74 49
31 75 74
31 79 30
31 85 68
32 8 96
32 15 15
32 21 94
32 23 54
32 26 4
32 30 4
32 34 94
32 35 53
33 13 72
33 38 73
33 43 11
33 53 76
33 69 52
33 74 32
33 84 5
34 11 10
34 16 40
34 22 77
34 39 36
34 40 90
34 48 93
34 49 69
34 76 39
35 18 25
35 28 11
35 32 24
35 33 80
35 64 16
35 79 91
35 87 62
35 97 91
36 2 52
36 59 2
36 61 14
36 64 86
36 65 88
36 88 35
37 18 62
37 40 25
37 62 37
37 65 11
37 74 6
37 82 1
37 83 77
37 93 54
37 97 1
37 98 81
38 51 26
38 61 75
38 75 75
38 84 85
38 89 82
38 99 15
39 10 8
39 49 34
39 63 15
39 79 76
39 87 16
39 91 30
39 94 8
40 7 82
40 67 73
40 83 18
40 86 70
40 92 63
41 1 55
41 6 92
41 11 84
41 17 87
41 18 84
41 48 51
41 52 20
41 77 24
41 92 94
41 99 27
42 31 47
42 65 40
42 66 39
42 95 37
42 99 84
43 36 25
44 6 60
44 28 11
44 29 3
44 49 57
44 60 23
44 76 89
45 16 7
45 33 88
45 39 1
45 44 33
45 64 85
45 67 33
45 70 11
45 83 14
46 20 35
46 33 16
46 44 22
46 47 22
46 54 6
46 63 8
46 97 9
46 99 68
47 9 87
47 14 35
47 33 80
47 41 72
47 69 96
48 19 14
48 77 88
48 78 57
48 85 47
48 87 61
49 17 64
49 18 44
49 57 10
49 64 50
49 68 37
49 70 21
49 85 73
49 96 71
50 38 69
50 85 30
50 89 40
50 99 65
51 12 77
51 17 46
51 19 41
51 31 45
51 37 84
51 38 95
51 40 87
51 41 15
51 55 80
51 95 54
52 14 12
52 18 49
52 23 89
52 24 26
52 44 76
52 50 84
52 62 19
52 88 37
52 92 57
52 94 5
52 96 64
52 97 94
53 8 8
53 10 42
53 11 31
53 16 24
53 17 81
53 26 97
53 29 61
53 72 96
53 75 55
53 88 66
53 90 57
53 95 45
54 5 47
54 49 90
54 60 47
54 92 75
55 40 27
55 48 62
55 56 87
55 59 79
55 85 62
55 92 63
55 93 98
56 1 94
56 13 46
56 18 25
56 42 75
56 47 95
56 53 58
56 59 30
56 89 51
57 4 46
57 10 94
57 16 7
57 25 48
57 31 27
57 47 4
57 49 65
57 53 41
57 56 74
57 65 63
57 75 19
57 87 36
57 91 100
58 18 53
58 38 9
58 39 26
58 57 96
58 60 53
58 76 58
58 78 69
59 6 49
59 11 9
59 31 12
59 42 11
59 64 28
60 2 25
60 10 40
60 49 64
60 89 56
60 99 30
61 17 57
61 31 99
61 34 12
61 37 73
61 54 74
61 71 60
61 75 5
61 84 43
61 96 58
62 5 78
62 15 41
62 17 60
62 39 97
62 50 35
62 57 34
62 80 8
62 88 81
63 7 29
63 21 20
63 29 23
63 42 18
63 44 76
63 48 50
63 53 85
63 70 11
63 79 37
63 89 92
64 3 35
64 11 92
64 22 3
64 25 37
64 38 68
64 45 40
64 54 78
64 66 7
64 68 13
64 70 28
64 73 24
65 3 32
65 11 8
65 16 26
65 33 92
65 34 76
65 36 70
65 40 91
65 44 98
65 46 52
65 60 47
65 76 100
66 39 12
66 45 98
66 49 46
66 58 73
66 59 38
66 65 16
66 76 95
66 85 51
67 35 29
67 57 15
67 84 51
68 9 64
68 28 14
68 41 38
68 48 88
68 58 41
68 72 49
69 8 37
69 28 92
69 38 73
69 60 77
69 68 47
70 2 86
70 3 88
70 8 29
70 18 14
70 29 73
70 36 60
70 45 53
70 47 75
70 74 48
70 94 23
71 16 44
71 25 97
71 45 88
71 56 87
71 59 63
71 90 73
72 6 10
72 19 53
72 69 80
72 82 35
72 85 58
73 7 48
73 35 2
73 37 75
73 48 58
73 55 68
73 80 100
73 90 52
73 98 50
74 39 42
74 41 91
74 69 36
74 81 60
74 83 65
74 97 82
75 9 1
75 20 100
75 33 36
75 35 56
75 37 11
75 50 52
75 58 70
75 68 22
75 69 3
75 72 20
75 84 24
75 90 25
76 17 18
76 19 78
76 22 92
76 31 95
76 42 85
76 60 51
77 15 32
77 20 60
77 23 73
77 33 26
77 84 54
77 90 37
77 92 8
78 18 68
78 30 74
78 69 54
78 91 28
78 99 57
79 60 27
80 17 4
80 53 24
80 61 75
80 64 65
80 66 91
80 70 40
80 73 94
80 93 15
80 96 16
81 41 95
81 54 88
81 77 28
81 92 71
82 7 80
82 23 48
82 34 98
82 51 92
82 53 46
82 68 38
82 73 13
82 76 82
82 81 25
82 91 77
83 3 24
83 35 21
83 55 99
83 57 19
83 79 49
83 86 96
84 16 83
84 17 15
84 56 38
84 91 89
84 95 27
85 7 30
85 13 6
85 22 48
85 25 57
85 28 46
85 41 46
85 43 25
85 92 12
85 96 19
85 99 9
86 9 6
86 29 48
86 39 15
86 46 59
86 63 7
86 95 86
87 6 24
87 13 72
87 16 7
87 20 76
87 56 35
87 61 52
87 70 71
87 83 25
88 24 49
88 30 87
88 32 66
88 51 98
88 53 86
88 54 60
88 56 16
88 66 17
88 75 79
88 82 49
88 98 56
89 5 33
89 15 65
89 40 24
89 55 95
89 74 87
89 76 84
89 87 57
90 22 91
90 30 55
90 31 40
90 36 26
90 41 90
90 46 86
90 63 79
90 74 31
91 11 95
91 15 65
91 17 11
91 56 93
91 83 21
91 85 20
92 4 56
92 12 9
92 20 99
92 23 28
92 31 95
92 40 51
92 56 84
92 71 57
92 72 22
92 83 51
92 85 6
92 98 34
93 3 92
93 11 60
93 18 34
93 38 13
93 75 99
93 81 6
93 85 11
93 88 7
94 17 11
94 32 91
94 43 67
94 83 48
94 99 81
95 66 80
95 84 43
96 12 8
96 15 24
96 43 63
96 86 33
96 91 40
97 11 86
97 19 57
97 34 50
97 58 67
97 61 21
97 84 85
98 14 40
98 27 52
98 34 34
98 36 30
98 54 99
98 80 10
